0.0 0.0 0.0 0.0 0.0 0.0 0.0 0.0 0.0 0.0 0.0 0.0 0.0 0.0 0.0 0.0 0.0 0.0 0.0 0.0 0.0 0.0 0.0 0.0
19.140624 53.417966 3.515625 -4.980468 -0.390625 -10.449218 34.472654 59.277341 74.999996 112.207025 -49.609372 135.546868 -24.902342 -2.050781 24.804686 106.054682 47.07031 50.781247 44.433591 -9.570312 -3.613281 12.597656 28.320311 39.843748
12.011718 19.628905 28.222655 -52.148435 39.550779 -46.28906 65.624996 47.363279 86.914058 120.507806 -14.453124 99.707026 24.609374 -55.175778 51.464841 92.382808 49.609372 52.246091 46.874997 -7.226562 64.74609 -61.132809 38.281248 20.996093
-8.984375 -3.417969 12.304687 -56.933591 31.054686 -42.089841 55.078122 54.785153 76.171871 121.093743 -18.652343 111.03515 4.6875 -26.953124 38.769529 124.511712 43.554685 57.128903 42.578123 -8.789062 1.953125 -25.878905 18.261718 29.199217
-38.183592 -32.128905 17.285155 -63.18359 30.468748 -40.234373 68.359371 58.203122 93.652339 143.066399 -19.628905 85.937495 19.531249 -14.160155 73.437496 133.300774 37.499998 51.562497 58.203122 -9.179687 59.667966 -29.687498 77.832027 48.242185
-8.007812 -1.660156 28.027342 -57.421872 29.39453 -41.60156 73.632809 55.175778 98.632807 129.199212 -8.105468 104.199213 19.726561 -30.566405 65.136715 110.742182 43.261716 62.304684 58.789059 -9.960937 46.093748 -37.207029 45.996091 46.28906
-22.070311 -10.253906 12.890624 -53.515622 33.496092 -42.480466 59.667966 48.144529 89.941401 121.777337 -39.941404 103.320307 11.816406 -15.917968 61.523434 122.070306 42.675779 58.203122 45.214841 -8.789062 34.570311 -34.863279 43.749998 44.921873
-6.738281 -1.757812 18.945311 -54.492185 32.812498 -42.38281 62.011715 48.242185 91.308589 128.906243 -30.17578 83.203121 13.476562 -22.070311 59.863278 106.347651 45.214841 57.324216 52.343747 -6.054687 30.664061 -43.652341 46.093748 41.992185
-17.480468 7.519531 5.371093 -55.175778 25.585936 -35.839842 48.828122 62.792965 96.191401 145.019523 -45.996091 101.367182 -8.886718 -7.617187 47.949216 131.05468 37.304685 53.515622 53.710935 -7.617187 26.464842 -25.195311 45.898435 62.890622
15.039062 15.624999 26.464842 -44.140623 38.378904 -47.85156 58.300778 42.968748 76.367183 110.058588 -10.839843 109.082025 27.83203 -43.94531 58.203122 97.26562 37.988279 51.367185 44.140623 -8.007812 42.578123 -37.988279 36.230467 29.589842
-48.730466 -31.73828 5.273437 -51.171872 35.839842 -46.484373 80.957027 57.812497 96.777339 134.277337 -36.425779 110.058588 32.128905 -29.980467 75.878902 117.968744 24.999999 54.980466 62.988278 -9.374999 29.980467 -9.765624 54.10156 54.10156
-21.289061 -14.746093 16.015624 -52.832028 30.95703 -42.38281 67.187496 56.640622 99.804682 129.980462 5.371093 99.804682 33.691404 -22.656249 70.605465 128.417962 29.39453 49.218747 54.980466 -9.374999 67.675778 -29.492186 55.957028 46.484373
-74.023434 -45.117185 -25.390624 -63.867184 9.472656 -17.089843 59.570309 84.863277 112.109369 161.132804 -65.722653 72.55859 2.929687 -4.101562 57.519528 157.128898 -1.269531 40.82031 73.33984 -7.226562 42.285154 -49.511716 51.562497 70.019527
4.101562 2.148437 18.847655 -24.609374 29.101561 -38.085935 49.218747 47.363279 79.003902 113.769525 -37.988279 98.632807 2.34375 -13.964843 45.703123 115.039056 42.578123 43.94531 35.058592 -7.617187 33.007811 -38.671873 29.003905 28.710936
0.878906 -3.710937 32.031248 -41.894529 40.82031 -46.28906 61.62109 40.722654 82.714839 110.156244 -2.636719 69.921871 37.207029 -35.449217 62.109372 90.039058 43.94531 53.808591 43.847654 -8.398437 57.128903 -63.867184 43.457029 20.312499
-27.441405 -4.492187 19.628905 -4.394531 29.296873 -37.011717 52.441403 44.531248 90.722651 120.117181 -44.824216 121.679681 16.015624 -0.78125 57.421872 111.328119 34.765623 46.679685 40.624998 -10.546874 7.519531 0.683594 51.171872 48.046872
233.78905 243.652331 89.550776 76.757808 24.902342 -33.203123 34.765623 31.542967 50.97656 92.675776 -16.699218 158.789054 -16.601562 -39.355467 17.285155 65.332028 112.402338 67.87109 30.468748 -9.179687 -48.63281 -43.066404 -15.33203 -5.371093
-61.035153 -40.722654 0.488281 -37.792967 24.70703 -33.203123 53.906247 60.937497 93.554682 141.308586 -57.128903 92.382808 17.871093 -6.054687 58.007809 129.394524 24.121092 46.093748 46.874997 -8.984375 34.277342 -15.234374 49.804685 56.347653
167.187491 194.628896 54.687497 38.964842 8.007812 -18.554687 41.015623 48.144529 77.441402 120.703119 -28.808592 177.050772 -14.648437 -10.937499 30.468748 105.859369 98.04687 60.058591 37.499998 -9.179687 -38.085935 -7.324218 9.472656 28.906248
7.8125 15.039062 23.92578 -36.523436 32.421873 -42.773435 67.480465 50.292966 106.152338 135.449211 -30.664061 100.292963 14.843749 -36.816404 69.140621 114.843744 43.359373 44.335935 55.273435 -9.374999 15.429687 -22.558593 44.140623 35.937498
3.613281 -7.617187 24.414061 -35.351561 31.835936 -40.917967 51.855466 43.359373 56.249997 104.394526 -26.367186 88.67187 11.914062 -50.390622 38.183592 99.804682 32.324217 52.343747 38.769529 -9.765624 34.179686 -42.480466 38.867185 33.007811
-11.132812 -13.769531 23.535155 -29.003905 35.742186 -46.582029 62.304684 45.800779 77.929683 118.945306 -16.210937 77.734371 24.70703 -47.07031 48.730466 111.425775 31.347655 41.699217 46.386716 -9.765624 30.761717 -31.054686 54.492185 43.066404
-23.242186 -6.738281 -1.074219 -30.859373 26.26953 -34.570311 81.542964 62.304684 127.734368 147.949211 -53.613278 91.210933 23.437499 -39.941404 86.035152 121.386712 22.36328 49.218747 67.578121 -8.789062 1.757812 -28.027342 82.714839 36.132811
-7.519531 -3.515625 21.874999 -38.183592 47.265622 -52.53906 76.269527 40.722654 94.628901 132.519524 -51.367185 130.273431 20.80078 -33.300779 60.546872 112.402338 32.617186 42.480466 51.855466 -7.617187 -1.855469 15.527343 42.675779 47.656247
-37.597654 -21.777343 1.269531 -22.851561 22.265624 -31.933592 43.749998 34.960936 62.988278 96.777339 -65.917965 135.839836 9.765624 -24.902342 46.386716 106.640619 38.378904 44.433591 25.390624 -9.179687 -2.441406 29.296873 39.941404 50.488279
26.757811 18.847655 30.17578 -22.949218 36.035154 -45.214841 46.972654 31.152342 63.476559 90.820308 -4.6875 80.371089 19.23828 -44.628904 41.699217 95.410151 52.832028 48.242185 32.910154 -9.765624 31.640623 -39.746092 18.554687 32.812498
4.785156 14.355468 14.062499 -27.636717 16.796874 -26.464842 49.707029 47.07031 67.675778 111.230463 -50.19531 79.199214 -29.492186 -26.367186 18.554687 105.664057 43.359373 53.417966 38.867185 -9.179687 -26.660155 -38.183592 2.050781 35.742186
-11.035156 -7.324218 14.648437 -16.992187 29.003905 -39.25781 50.97656 35.058592 65.722653 102.929682 -32.812498 101.757807 10.156249 -20.80078 45.996091 105.859369 43.652341 45.312498 27.83203 -8.984375 -6.542968 -31.640623 27.636717 39.550779
-93.847651 -98.82812 -2.636719 -58.007809 27.05078 -38.769529 50.488279 45.117185 89.160151 117.968744 -22.070311 43.749998 27.539061 -32.324217 53.027341 115.72265 16.406249 39.648435 38.47656 -8.984375 60.742184 -38.867185 44.335935 45.605466
-35.742186 -39.062498 15.429687 -32.226561 18.45703 -28.808592 57.812497 44.335935 89.550776 107.421869 6.640625 65.234371 37.011717 -24.999999 65.136715 110.937494 29.785155 45.50781 42.187498 -10.742187 72.265621 -16.89453 50.390622 42.480466
-17.187499 -20.117186 8.789062 -35.546873 32.910154 -43.359373 47.949216 35.156248 71.972652 95.898432 -7.617187 73.437496 20.703124 -40.82031 55.761716 95.605464 26.660155 42.578123 33.886717 -9.570312 32.910154 -46.093748 26.855467 31.152342
-5.859375 -17.480468 2.148437 -51.562497 36.425779 -45.703123 49.023435 39.550779 80.566402 108.886713 -12.109374 75.68359 12.011718 -41.210935 47.753904 102.832026 15.820312 28.222655 38.281248 -10.546874 15.820312 -35.351561 35.058592 40.234373
17.871093 15.917968 11.328124 -15.527343 27.441405 -34.374998 47.363279 38.964842 83.300777 106.835932 -41.308592 92.871089 8.398437 -35.156248 49.41406 104.687494 31.933592 33.593748 32.812498 -9.179687 -0.097656 -16.503905 33.007811 31.835936
3.90625 -12.011718 15.722655 -10.644531 26.660155 -33.984373 43.847654 31.249998 56.347653 85.839839 -46.191404 91.894526 8.203125 -42.187498 37.011717 83.300777 41.113279 40.917967 27.343749 -7.617187 -16.406249 -13.769531 36.523436 15.136718
49.609372 42.871091 23.828124 10.937499 29.882811 -37.304685 38.769529 38.085935 63.085934 99.902338 -30.273436 97.851557 12.402343 -31.152342 35.351561 102.636713 48.242185 31.835936 27.05078 -9.179687 -12.597656 -14.746093 33.789061 28.027342
0.976562 -21.777343 10.839843 -3.515625 27.539061 -36.621092 36.523436 32.031248 62.207028 99.707026 -52.050778 77.929683 16.11328 -33.984373 37.109373 98.04687 34.570311 33.691404 24.218749 -10.156249 13.183593 -15.33203 24.804686 29.882811
5.371093 -2.832031 2.636719 37.988279 -2.050781 -7.421875 35.937498 53.515622 59.179684 114.355463 -97.167964 116.015619 -43.652341 -8.886718 -12.304687 106.542963 46.874997 45.605466 43.16406 -8.203125 -40.917967 -12.988281 -26.855467 35.937498
-7.324218 -35.449217 15.039062 -11.621093 24.70703 -33.984373 46.582029 31.445311 56.249997 93.749995 -31.542967 78.80859 21.191405 -34.082029 36.132811 84.179683 29.687498 36.230467 24.70703 -11.132812 22.949218 -38.47656 22.36328 22.36328
-2.050781 -20.507811 23.242186 -23.730467 22.167968 -29.492186 49.121091 36.914061 72.167965 104.882807 -18.554687 83.105464 22.460936 -10.546874 45.898435 105.468744 33.593748 39.355467 28.417967 -8.984375 33.398436 -14.55078 39.746092 44.433591
13.378906 -10.937499 21.289061 -32.910154 30.17578 -39.648435 37.597654 18.945311 61.816403 86.132808 -18.359374 84.082027 21.679686 -33.105467 44.335935 89.257808 35.156248 32.617186 17.285155 -10.546874 19.042968 -26.562499 36.523436 29.199217
-14.160155 -26.953124 4.589844 -25.683592 19.433593 -29.101561 34.765623 43.94531 60.546872 103.222651 -45.703123 80.664058 -4.296875 -19.042968 28.222655 108.007807 29.199217 32.51953 31.152342 -9.960937 -3.515625 -16.992187 18.066405 37.109373
2.832031 -11.816406 5.273437 -13.671874 27.148436 -36.523436 38.964842 31.73828 59.960934 92.871089 -46.484373 91.894526 6.347656 -32.617186 43.16406 89.257808 32.031248 36.230467 25.683592 -10.156249 0.390625 -4.394531 32.910154 32.617186
11.132812 -15.234374 16.503905 -13.281249 31.73828 -42.480466 39.550779 22.656249 62.109372 92.480464 -12.402343 81.542964 2.246094 -46.386716 35.449217 79.296871 39.355467 32.128905 24.316405 -10.742187 -0.878906 -11.523437 4.199219 19.824218
43.554685 18.554687 20.703124 -0.292969 26.074217 -36.035154 42.578123 34.765623 66.601559 98.04687 -24.414061 92.57812 3.222656 -34.277342 37.011717 99.999995 34.472654 36.230467 25.390624 -9.374999 -15.820312 0.878906 38.574217 49.41406
18.45703 14.648437 4.492187 7.617187 17.578124 -27.148436 44.335935 50.19531 83.789058 111.718744 -65.917965 148.339836 -5.566406 -7.421875 33.300779 113.183588 38.281248 33.691404 40.03906 -9.765624 -55.371091 37.207029 31.249998 49.41406
5.175781 -24.999999 10.839843 -31.835936 36.132811 -45.117185 44.921873 32.128905 68.945309 99.414057 -15.039062 40.527342 15.722655 -45.898435 42.871091 81.152339 25.683592 31.054686 30.95703 -9.570312 18.945311 -63.769528 32.812498 29.003905
7.128906 -34.863279 34.667967 -31.73828 34.374998 -45.117185 47.07031 24.121092 51.660153 78.710933 6.445312 31.249998 15.33203 -47.460935 32.128905 69.824215 37.597654 42.773435 24.999999 -11.328124 43.359373 -65.429684 19.335936 9.570312
-13.476562 -42.675779 2.34375 -41.796873 33.984373 -45.019529 44.335935 22.265624 59.765622 76.46484 -73.33984 80.566402 -3.515625 -36.523436 40.624998 66.699215 26.367186 27.246092 22.460936 -10.546874 -29.589842 -19.824218 -5.078125 16.406249
-53.027341 -77.343746 0.0 -44.042966 37.69531 -47.167966 53.808591 47.363279 76.074215 105.761713 12.011718 68.066403 34.472654 -14.355468 53.32031 115.234369 25.878905 45.214841 44.72656 -10.937499 35.937498 2.050781 32.324217 52.441403
-53.710935 -64.74609 -31.73828 -27.05078 6.152343 -16.015624 51.367185 77.539058 92.675776 134.082024 -18.066405 79.394527 2.636719 16.699218 45.800779 140.039055 9.960937 44.335935 62.695309 -8.984375 5.957031 5.664062 44.238279 75.68359
48.535154 6.25 42.480466 12.890624 31.640623 -41.894529 24.70703 27.441405 46.386716 72.949215 3.710937 97.167964 27.246092 -19.433593 41.60156 84.472652 55.078122 42.773435 10.253906 -9.179687 28.906248 6.542968 17.578124 28.027342
18.554687 -25.390624 34.179686 -4.003906 35.546873 -44.628904 39.843748 24.999999 42.187498 70.898434 -43.261716 82.910152 -17.480468 -42.773435 11.914062 61.816403 48.63281 50.19531 22.265624 -9.570312 -20.996093 -25.097655 -7.421875 22.460936
0.0 -11.816406 0.878906 8.886718 20.703124 -28.808592 46.679685 53.222653 86.32812 125.585931 -60.937497 124.511712 -11.621093 -3.90625 39.25781 121.093743 21.972655 35.156248 44.531248 -10.546874 -25.976561 34.179686 26.26953 76.367183
6.933593 -35.253904 23.92578 -4.003906 27.148436 -36.523436 27.83203 24.804686 39.453123 74.414059 -48.339841 50.097654 -10.937499 -58.398434 7.324218 65.917965 42.187498 43.261716 15.429687 -11.328124 -1.269531 -19.335936 -1.953125 20.410155
16.406249 -16.89453 6.25 4.492187 24.902342 -33.300779 39.843748 46.386716 69.824215 107.714838 -2.34375 101.855463 20.214843 -24.414061 54.003903 108.007807 24.804686 31.152342 31.933592 -9.374999 19.531249 1.171875 48.63281 57.128903
-47.656247 -75.781246 0.878906 -16.796874 25.390624 -35.253904 38.867185 47.558591 76.855465 111.718744 -27.246092 62.890622 25.976561 -25.195311 62.792965 100.488276 12.207031 29.589842 33.300779 -11.132812 26.367186 -14.55078 39.746092 51.367185
-13.867187 -47.949216 10.742187 -6.25 14.648437 -23.92578 33.691404 43.94531 53.32031 103.710932 -10.937499 71.289059 5.566406 -22.460936 26.464842 91.503901 23.828124 40.624998 31.445311 -10.546874 8.789062 -13.183593 6.640625 39.062498
0.878906 -32.51953 14.355468 -12.011718 13.867187 -23.535155 48.730466 46.386716 78.124996 114.16015 -33.886717 79.589839 6.835937 -13.574218 43.847654 94.531245 26.26953 43.261716 42.578123 -10.742187 17.187499 -14.062499 38.964842 26.953124
-4.492187 -33.984373 5.078125 -0.195312 21.484374 -31.152342 51.171872 48.925779 85.937495 110.449213 -66.699215 81.933589 5.175781 9.277343 51.562497 107.714838 29.882811 41.796873 36.523436 -10.351562 3.90625 -8.203125 21.386718 54.980466
-25.48828 -51.75781 5.46875 -40.722654 17.382812 -27.246092 46.484373 42.578123 78.222652 111.718744 -33.886717 66.992184 8.398437 -14.746093 41.308592 89.843745 18.945311 38.281248 38.574217 -10.351562 3.125 -11.621093 37.69531 46.582029
9.472656 -33.886717 20.80078 -24.414061 33.789061 -43.359373 40.527342 17.67578 51.953122 83.496089 -51.074216 45.117185 -5.175781 -33.984373 29.39453 75.976558 31.054686 39.843748 12.499999 -9.570312 -1.660156 -18.847655 19.433593 21.679686
72.070309 29.980467 37.597654 19.042968 17.480468 -28.124998 32.51953 26.757811 57.421872 76.46484 -5.371093 85.742183 14.941405 -22.851561 44.433591 68.847653 49.316404 42.089841 12.207031 -10.351562 -19.433593 -31.933592 42.480466 8.59375
28.61328 10.156249 23.730467 13.769531 5.566406 -14.355468 5.859375 26.562499 33.886717 73.535152 -47.07031 117.28515 -18.066405 -17.187499 10.058593 85.937495 44.824216 30.371092 3.027344 -10.546874 -19.921874 -7.714843 -1.757812 34.570311
-70.99609 -109.277338 -6.542968 -33.593748 14.355468 -25.585936 40.332029 41.406248 69.042965 97.363276 -27.246092 46.093748 3.710937 -24.70703 38.47656 92.871089 11.132812 37.988279 35.742186 -10.742187 24.999999 -3.613281 18.164062 54.296872
2.832031 -45.605466 31.445311 -31.445311 42.187498 -53.417966 41.210935 11.718749 44.238279 66.015621 -7.421875 55.566403 16.601562 -52.343747 40.82031 59.472653 34.179686 38.769529 14.843749 -11.132812 19.531249 -13.867187 17.382812 16.992187
9.374999 -30.859373 23.535155 -8.789062 9.179687 -19.140624 43.94531 38.964842 68.164059 96.48437 -11.328124 83.007808 13.378906 -20.410155 45.410154 90.527339 40.624998 39.843748 30.95703 -11.328124 13.671874 -4.785156 26.757811 47.167966
1.171875 -34.179686 5.957031 -11.718749 24.609374 -33.496092 38.867185 31.933592 52.53906 99.023432 -13.964843 87.10937 3.320312 -24.316405 32.714842 99.511713 24.70703 37.402342 21.484374 -10.351562 0.878906 -2.734375 19.628905 49.023435
-2.246094 -31.347655 12.597656 -2.148437 23.437499 -32.421873 32.128905 26.171874 58.105466 87.988277 -17.773437 74.804683 -16.601562 -26.562499 22.851561 85.644527 30.17578 38.085935 23.14453 -12.695312 -10.546874 -4.296875 9.960937 28.906248
-10.546874 -39.160154 9.960937 -19.23828 20.605468 -30.273436 37.011717 21.191405 65.624996 83.886714 -15.917968 64.062497 3.222656 -29.101561 37.109373 77.24609 22.36328 29.39453 15.429687 -13.867187 1.269531 -10.156249 17.285155 18.066405
50.683591 30.17578 35.449217 10.546874 25.585936 -36.230467 36.425779 23.046874 56.835934 80.761714 -8.398437 85.742183 17.773437 -22.070311 44.433591 88.964839 40.234373 32.226561 16.210937 -10.351562 -6.542968 -0.683594 36.035154 34.667967
12.499999 -2.050781 21.289061 -1.855469 20.996093 -28.417967 38.085935 33.496092 46.679685 81.249996 1.171875 67.773434 14.355468 -30.664061 32.031248 82.421871 29.199217 29.492186 22.656249 -9.765624 8.691406 -7.8125 28.222655 26.757811
-62.40234 -26.464842 -40.136717 0.976562 -12.792968 3.515625 21.58203 71.972652 76.269527 125.488275 -65.234371 117.089837 -4.199219 18.066405 32.812498 137.695305 7.714843 41.503904 46.28906 -9.179687 0.0 53.808591 48.828122 86.132808
7.421875 -11.230468 23.632811 -1.5625 22.851561 -34.570311 26.757811 12.499999 35.546873 65.136715 -25.48828 87.792964 -7.519531 -44.042966 17.871093 59.472653 31.542967 27.246092 4.394531 -11.718749 -4.296875 0.0 14.257812 22.070311
-25.390624 -8.398437 -4.492187 24.70703 -0.488281 -10.839843 15.722655 47.949216 53.710935 97.460932 -69.042965 142.675774 -7.226562 2.636719 21.289061 100.292963 31.347655 22.36328 26.464842 -10.156249 -31.542967 73.828121 20.410155 58.886716
-16.11328 -34.374998 4.199219 -5.957031 13.085937 -20.605468 38.183592 31.73828 61.425778 94.14062 -32.51953 67.87109 5.273437 -23.339842 37.792967 81.152339 24.999999 31.640623 18.945311 -9.765624 11.523437 -9.179687 30.17578 30.859373
-0.292969 -17.578124 8.984375 4.492187 7.226562 -15.820312 30.566405 35.449217 54.980466 92.57812 -32.617186 79.492183 -4.589844 -14.453124 23.730467 87.207027 26.171874 32.812498 24.121092 -11.328124 11.718749 -25.781249 11.718749 40.722654
-33.300779 -51.269528 5.957031 -7.226562 12.988281 -21.484374 36.621092 48.925779 83.496089 114.355463 -29.296873 87.207027 15.429687 9.374999 44.335935 103.906244 20.605468 36.523436 41.699217 -11.132812 19.140624 10.449218 34.472654 64.74609
-92.57812 -86.816402 -32.617186 -5.078125 0.683594 -11.718749 38.378904 60.449216 74.511715 119.042962 -65.722653 79.980464 7.617187 19.23828 38.671873 114.746088 -1.464844 38.769529 41.503904 -12.695312 11.132812 24.023436 34.277342 70.21484
4.882812 -26.757811 19.824218 -13.964843 17.382812 -27.246092 33.300779 24.609374 65.039059 92.285151 -33.105467 74.707027 11.718749 -15.33203 46.28906 73.730465 23.046874 31.640623 24.414061 -12.499999 5.859375 -6.347656 61.523434 23.14453
48.535154 3.90625 39.843748 19.335936 21.679686 -31.73828 32.324217 2.929687 36.718748 56.152341 -15.33203 83.105464 9.667968 -28.61328 33.886717 47.167966 38.47656 31.640623 7.617187 -9.960937 4.492187 -18.261718 22.851561 2.929687
-2.734375 -15.527343 3.515625 10.937499 18.749999 -28.417967 26.171874 24.316405 46.582029 87.207027 -28.61328 89.843745 8.691406 -4.6875 21.777343 78.906246 9.863281 26.464842 24.804686 -10.742187 4.199219 1.171875 19.921874 39.550779
21.679686 5.078125 25.781249 21.093749 15.234374 -21.972655 33.496092 21.777343 53.906247 84.082027 -20.214843 102.246088 -0.976562 -4.882812 33.984373 74.609371 30.761717 31.445311 23.14453 -8.398437 -3.320312 23.339842 19.921874 30.761717
-82.324214 -49.511716 -40.234373 16.210937 -12.792968 6.933593 38.183592 60.449216 82.031246 110.058588 -82.812496 86.816402 -21.289061 17.871093 27.636717 104.394526 1.5625 35.351561 52.441403 -10.156249 -31.249998 8.203125 18.847655 57.519528
-28.61328 -19.921874 3.90625 25.781249 15.722655 -23.242186 35.742186 26.26953 55.468747 83.007808 -27.734374 103.027338 -2.929687 -24.121092 33.105467 62.792965 12.109374 20.312499 27.343749 -10.937499 4.589844 -52.246091 14.746093 12.695312
-20.214843 -11.328124 2.34375 -4.296875 1.757812 -11.132812 35.253904 54.687497 70.21484 107.714838 -15.624999 88.476558 9.277343 19.726561 35.253904 109.082025 16.308593 16.796874 38.47656 -10.156249 30.468748 20.507811 38.085935 65.624996
8.691406 8.789062 23.730467 -0.585937 13.085937 -23.632811 20.605468 19.824218 37.304685 70.605465 -27.83203 98.04687 -6.445312 -8.203125 12.402343 69.43359 33.398436 33.300779 12.402343 -11.328124 -5.761718 -10.351562 -1.367187 26.171874
-12.890624 -27.148436 8.886718 -9.863281 20.312499 -30.371092 55.66406 23.730467 66.406246 84.570308 -34.960936 74.609371 3.710937 -5.664062 34.082029 75.097652 13.476562 20.605468 25.781249 -10.546874 11.230468 -3.808594 11.425781 35.253904
-52.734372 -64.062497 -1.953125 -10.937499 20.117186 -28.320311 65.136715 61.62109 319.140608 134.96093 -36.621092 45.605466 -14.843749 -17.480468 36.914061 123.339837 15.33203 27.929686 14.355468 -10.156249 -12.304687 -34.472654 33.203123 82.714839
21.191405 8.105468 30.95703 22.36328 18.847655 -26.464842 8.007812 11.523437 -57.421872 47.167966 -16.210937 86.230464 3.808594 5.566406 -14.941405 71.582027 47.07031 37.109373 3.125 -11.328124 8.496093 14.453124 -10.156249 32.812498
29.980467 18.164062 12.792968 -1.269531 12.792968 -24.023436 24.804686 22.656249 19.140624 69.628903 -59.863278 87.695308 -40.82031 4.003906 -12.499999 56.054684 21.484374 31.249998 22.36328 -11.914062 -53.417966 -8.984375 -43.066404 15.039062
40.917967 27.636717 35.156248 1.269531 23.92578 -33.691404 23.535155 11.523437 38.378904 66.210934 2.34375 91.699214 22.36328 -13.574218 30.468748 66.210934 37.792967 24.316405 -2.246094 -10.937499 13.964843 -3.417969 7.421875 36.328123
1.953125 -18.359374 31.054686 -1.757812 33.300779 -41.015623 22.167968 1.074219 25.195311 56.445309 -23.828124 76.46484 -2.441406 -31.347655 1.660156 51.953122 32.324217 29.980467 3.710937 -10.742187 -8.496093 4.980468 -7.324218 21.777343
-19.042968 -20.410155 -6.542968 2.050781 15.527343 -25.781249 39.941404 37.499998 71.77734 107.519525 -45.117185 106.835932 5.664062 4.882812 35.937498 107.324213 10.742187 22.558593 36.132811 -12.304687 10.058593 48.339841 49.023435 74.414059
-37.890623 -56.738278 0.195312 -5.859375 20.214843 -29.296873 45.312498 30.566405 58.984372 94.14062 -26.953124 74.023434 10.937499 -11.621093 37.69531 84.277339 12.988281 18.749999 32.324217 -10.351562 4.785156 10.839843 36.523436 44.628904
-103.906244 -113.769525 -10.058593 -42.871091 18.261718 -27.539061 35.644529 47.363279 68.847653 109.374994 -0.097656 42.38281 26.171874 4.394531 45.50781 112.792963 1.171875 25.390624 34.179686 -9.570312 81.835933 -10.644531 59.570309 78.320308
-42.38281 -59.472653 -3.710937 -21.191405 24.999999 -36.718748 39.843748 23.14453 53.808591 82.910152 -29.980467 49.902341 1.953125 -14.355468 30.761717 79.394527 10.644531 28.027342 24.316405 -12.109374 0.195312 -12.988281 46.874997 42.675779
-3.613281 -6.933593 14.453124 10.058593 14.062499 -24.121092 35.156248 25.878905 55.859372 82.519527 -11.718749 101.367182 12.792968 2.441406 34.667967 82.910152 26.757811 33.105467 14.648437 -12.109374 -2.539062 26.855467 35.449217 50.585935
-5.566406 -30.761717 6.152343 -18.945311 20.605468 -30.078123 29.785155 23.632811 51.855466 92.285151 -4.589844 59.179684 2.832031 5.761718 35.644529 92.773433 19.042968 30.566405 36.230467 -10.351562 13.378906 -10.937499 53.515622 54.687497
-33.691404 -53.613278 -11.523437 -21.777343 13.378906 -23.046874 29.687498 19.335936 45.117185 81.249996 -36.230467 59.960934 5.371093 -7.128906 38.281248 75.878902 5.859375 29.589842 14.941405 -10.742187 -2.636719 -9.082031 40.527342 37.69531
71.191402 40.82031 45.703123 9.667968 22.656249 -31.73828 20.898436 9.374999 31.640623 63.769528 7.226562 96.582026 20.312499 -18.945311 32.910154 59.765622 47.753904 32.714842 6.152343 -10.742187 12.695312 0.390625 33.398436 22.949218
7.617187 -23.632811 22.558593 -12.890624 29.101561 -37.792967 36.718748 18.261718 48.828122 82.031246 5.46875 74.609371 23.828124 -3.808594 42.871091 79.101558 24.511717 32.128905 13.378906 -10.937499 31.054686 13.671874 58.886716 50.19531
-9.765624 -28.222655 12.207031 -3.808594 19.531249 -27.246092 35.839842 21.972655 56.054684 83.007808 -26.855467 87.597652 0.0 -20.996093 33.203123 68.359371 22.460936 27.246092 29.785155 -10.546874 -3.417969 -5.761718 30.273436 28.320311
-43.16406 -61.816403 -10.058593 -5.566406 7.03125 -15.234374 36.035154 35.937498 65.52734 98.242182 -29.199217 76.171871 4.296875 -4.296875 38.47656 88.867183 6.738281 21.289061 29.101561 -11.718749 1.953125 10.742187 36.914061 55.859372
45.703123 34.179686 20.703124 4.492187 13.085937 -23.92578 16.601562 11.816406 38.769529 69.238278 -24.218749 80.957027 -4.785156 -11.328124 20.996093 65.722653 30.566405 19.23828 6.640625 -11.718749 -15.234374 -2.246094 16.699218 26.562499
-48.144529 -64.74609 -5.371093 -32.128905 16.601562 -25.878905 17.578124 14.843749 43.16406 71.289059 -53.515622 65.820309 -10.351562 4.980468 19.042968 73.925777 1.464844 18.554687 5.664062 -10.546874 -4.492187 0.390625 12.499999 37.890623
-3.613281 -25.683592 11.328124 -6.445312 7.8125 -17.187499 18.261718 23.437499 44.72656 78.906246 -31.73828 83.98437 -5.46875 -1.171875 20.410155 76.171871 20.312499 27.246092 13.085937 -10.937499 -1.5625 6.347656 19.628905 38.085935
54.687497 56.445309 15.917968 28.124998 7.714843 -18.261718 17.773437 25.976561 42.675779 82.324214 -21.679686 114.843744 -7.8125 0.78125 16.015624 75.195308 37.207029 30.566405 18.261718 -12.109374 -9.082031 32.226561 16.89453 37.011717
22.949218 -33.789061 17.187499 -1.171875 16.699218 -26.464842 25.585936 17.968749 37.792967 66.210934 -26.464842 56.738278 0.78125 -19.140624 20.312499 60.253903 23.437499 33.300779 14.257812 -12.109374 -18.359374 -29.882811 15.234374 26.26953
41.796873 5.664062 28.027342 21.093749 10.742187 -21.191405 21.289061 23.437499 45.996091 79.003902 -2.539062 75.390621 -0.683594 -10.839843 21.484374 71.77734 36.621092 34.277342 13.867187 -10.742187 3.515625 -8.398437 24.121092 38.47656
18.554687 -15.429687 14.648437 -2.246094 16.699218 -29.39453 27.734374 13.085937 44.140623 67.08984 -26.171874 57.128903 -9.277343 -41.503904 24.902342 44.921873 12.597656 27.246092 14.843749 -10.742187 -21.386718 -24.804686 8.59375 17.773437
-14.843749 -48.242185 1.367187 -7.714843 20.898436 -28.710936 27.83203 9.179687 41.406248 67.87109 -14.160155 63.18359 10.839843 -25.390624 28.515623 56.054684 12.792968 21.386718 5.761718 -11.523437 -4.589844 -5.175781 20.117186 36.621092
-11.621093 -38.769529 -5.664062 -8.984375 13.378906 -27.05078 27.83203 14.355468 51.171872 78.515621 -32.714842 44.335935 -12.890624 -24.902342 20.214843 59.082028 6.347656 24.70703 16.308593 -13.671874 -15.136718 -11.621093 11.718749 27.83203
-102.441401 -138.86718 -41.699217 -19.531249 2.34375 -14.062499 31.249998 46.582029 69.042965 106.542963 -33.300779 58.691403 4.980468 8.203125 29.980467 89.648433 -7.714843 20.117186 34.960936 -12.304687 54.296872 30.95703 45.214841 71.386715
-8.789062 -23.632811 -4.101562 5.566406 6.835937 -14.648437 24.999999 26.26953 46.777341 83.496089 -43.359373 73.828121 -20.117186 1.757812 8.691406 67.187496 12.597656 28.222655 24.804686 -10.937499 -11.328124 4.296875 12.304687 34.667967
-40.136717 -33.300779 -22.167968 3.613281 -4.980468 -3.808594 17.578124 39.25781 46.679685 91.01562 -80.957027 77.734371 -47.85156 8.203125 -10.253906 81.738277 10.644531 27.441405 30.95703 -11.914062 -51.562497 0.0 4.003906 43.652341
0.390625 -24.414061 14.355468 -7.8125 15.722655 -27.246092 34.960936 18.164062 62.597653 85.253902 3.808594 72.851559 30.859373 -12.109374 41.992185 67.08984 6.152343 15.429687 14.160155 -11.132812 24.999999 -2.636719 49.023435 37.499998
-2.441406 -13.085937 8.691406 11.914062 3.613281 -13.085937 20.898436 26.367186 58.007809 83.886714 -16.89453 89.257808 8.203125 8.59375 30.078123 80.273433 16.503905 30.664061 22.070311 -10.937499 11.816406 22.949218 34.667967 50.292966
25.292967 5.859375 22.656249 -10.156249 18.359374 -28.61328 25.976561 16.89453 53.613278 75.781246 -12.695312 55.566403 -0.585937 -20.117186 22.851561 68.749996 25.390624 17.578124 18.749999 -11.523437 -22.558593 -20.410155 17.382812 25.390624
-6.738281 -20.01953 9.863281 -9.570312 17.578124 -26.855467 34.374998 19.921874 57.617184 82.031246 -8.59375 85.449214 24.609374 6.542968 45.410154 73.925777 10.058593 15.624999 21.093749 -10.351562 16.503905 7.519531 56.445309 41.894529
-3.515625 -27.734374 11.425781 0.683594 15.039062 -24.609374 26.367186 22.36328 34.374998 73.535152 -5.175781 64.160153 6.25 0.878906 18.554687 69.531246 23.339842 27.246092 21.972655 -12.109374 16.210937 9.179687 24.70703 33.203123
-28.222655 -12.011718 -3.515625 -6.933593 0.585937 -9.960937 26.757811 38.281248 54.10156 94.042964 -62.109372 65.136715 -28.417967 -17.871093 12.597656 76.562496 16.601562 28.710936 34.863279 -11.132812 -33.300779 -25.097655 15.820312 29.980467
-0.292969 -26.26953 5.761718 -4.199219 20.214843 -29.980467 29.199217 8.984375 37.69531 59.082028 -35.253904 56.347653 -0.976562 -37.304685 16.503905 60.156247 17.67578 16.699218 7.128906 -11.328124 -7.910156 7.714843 4.6875 19.140624
-14.355468 -29.687498 7.910156 -2.050781 9.960937 -18.652343 23.242186 23.339842 46.191404 81.738277 -33.398436 77.734371 3.808594 -18.847655 21.972655 72.167965 20.312499 19.921874 20.01953 -11.523437 -1.464844 10.351562 20.605468 37.890623
-3.515625 -26.074217 13.281249 16.992187 10.253906 -21.093749 14.746093 15.624999 27.734374 64.941403 -13.281249 68.261715 4.6875 -20.117186 12.695312 60.156247 20.312499 23.535155 9.374999 -10.156249 4.394531 -1.171875 10.253906 25.781249
24.999999 -16.796874 24.999999 -9.472656 23.339842 -33.984373 33.984373 28.417967 59.472653 91.601558 29.492186 81.542964 21.289061 -1.269531 35.937498 82.812496 14.941405 25.585936 23.730467 -11.718749 59.374997 -6.445312 23.339842 46.874997
31.835936 20.312499 7.617187 18.652343 13.867187 -22.265624 25.878905 17.871093 33.203123 68.847653 -32.812498 103.027338 -21.484374 -8.886718 -0.390625 64.550778 19.335936 22.460936 4.003906 -11.523437 -35.058592 8.398437 -19.335936 29.589842
4.199219 -11.425781 16.796874 4.199219 20.214843 -30.273436 18.554687 9.570312 37.597654 65.722653 -7.421875 69.726559 3.515625 -6.25 21.972655 63.085934 28.124998 21.093749 -2.636719 -11.523437 -5.175781 2.148437 18.749999 32.128905
11.328124 -21.386718 19.824218 -8.300781 22.558593 -33.105467 23.92578 11.132812 45.019529 68.359371 5.46875 64.257809 4.492187 -14.160155 16.601562 61.425778 17.480468 23.437499 6.542968 -13.085937 4.785156 -11.230468 11.523437 26.26953
-11.718749 -32.324217 14.453124 -10.937499 20.996093 -33.105467 35.546873 17.187499 58.300778 74.023434 -2.246094 68.359371 9.960937 -12.207031 40.527342 63.476559 16.015624 19.335936 18.652343 -12.304687 8.496093 11.328124 41.113279 39.355467
-16.796874 -23.046874 7.226562 -9.863281 13.476562 -24.316405 22.753905 14.062499 32.714842 62.40234 -20.605468 68.359371 -6.152343 -22.851561 16.015624 62.988278 15.624999 16.406249 5.078125 -10.937499 -5.664062 12.109374 12.695312 30.468748
18.261718 10.839843 1.367187 14.55078 6.25 -16.11328 28.320311 19.726561 45.019529 73.535152 -47.07031 91.503901 -13.574218 -7.714843 15.527343 60.449216 27.539061 21.093749 17.187499 -9.765624 -34.667967 31.152342 6.542968 31.249998
-30.664061 -63.378903 -5.371093 -19.042968 10.839843 -20.703124 25.195311 28.906248 47.558591 88.574214 7.421875 16.89453 -5.175781 -7.910156 14.257812 71.191402 9.179687 22.265624 29.785155 -12.890624 51.855466 -45.019529 20.703124 40.03906
-42.285154 -18.945311 -25.976561 13.281249 1.269531 -10.058593 29.785155 32.128905 50.19531 82.421871 -90.820308 132.61718 -20.312499 25.195311 23.632811 83.789058 5.371093 11.035156 26.074217 -11.523437 -86.132808 78.320308 28.808592 50.390622
-5.371093 0.976562 -2.734375 3.710937 2.734375 -12.499999 31.054686 35.546873 54.687497 92.187495 -54.199216 100.781245 -15.527343 13.769531 19.433593 87.988277 12.597656 19.042968 28.515623 -11.523437 -48.925779 41.308592 15.039062 56.054684
1.074219 -5.664062 22.949218 9.374999 18.554687 -29.199217 22.36328 14.843749 44.72656 74.804683 -20.410155 58.203122 -15.33203 -15.624999 7.226562 55.566403 27.636717 24.023436 15.624999 -12.499999 -25.48828 -6.542968 -8.007812 19.433593
-26.367186 -51.074216 27.246092 -4.199219 18.45703 -27.83203 23.92578 18.945311 41.992185 76.171871 23.14453 20.01953 16.503905 -3.808594 12.695312 70.21484 18.066405 23.535155 10.449218 -9.570312 26.074217 1.953125 -8.886718 42.968748
24.316405 -10.058593 48.828122 12.304687 25.390624 -33.203123 31.542967 4.6875 58.398434 74.511715 21.58203 84.179683 26.26953 -11.230468 36.914061 62.597653 24.511717 14.55078 -6.152343 -10.546874 3.710937 -23.92578 25.683592 25.976561
31.249998 20.410155 29.39453 20.80078 10.937499 -18.847655 22.36328 17.382812 49.902341 73.33984 -12.695312 86.230464 2.441406 12.695312 17.968749 60.058591 37.988279 30.371092 11.621093 -11.718749 -19.726561 -3.90625 3.808594 26.464842
-6.640625 -7.8125 5.371093 -5.859375 10.156249 -15.234374 31.347655 23.14453 51.367185 83.593746 -30.078123 65.722653 -18.359374 3.320312 9.374999 73.925777 19.335936 29.101561 21.874999 -10.546874 -12.304687 8.984375 10.058593 44.921873
8.105468 -7.617187 15.039062 -8.496093 14.257812 -25.878905 15.624999 15.429687 33.691404 68.554684 -4.296875 72.265621 12.304687 -1.757812 24.316405 68.554684 10.253906 7.714843 3.125 -11.132812 7.421875 6.347656 19.042968 39.941404
-1.074219 -3.027344 14.55078 2.34375 10.253906 -19.531249 21.58203 14.746093 47.07031 65.039059 -20.01953 69.238278 1.953125 -12.792968 17.187499 54.394528 22.558593 18.945311 8.105468 -11.328124 -11.132812 26.367186 10.058593 25.781249
1.367187 -0.390625 7.714843 17.773437 4.980468 -13.671874 22.36328 21.289061 50.97656 77.539058 -21.093749 64.257809 -9.472656 -26.26953 9.863281 63.18359 19.628905 21.386718 16.210937 -12.304687 -10.253906 -3.515625 25.878905 27.246092
-31.054686 -66.406246 0.585937 -24.804686 9.374999 -19.140624 35.058592 30.95703 53.32031 86.230464 13.085937 -1.367187 -4.6875 -34.179686 6.542968 59.960934 3.515625 29.785155 37.499998 -10.937499 30.95703 -65.52734 15.33203 25.976561
0.292969 -37.69531 12.988281 -16.601562 20.80078 -29.199217 24.999999 10.546874 48.437497 77.343746 22.265624 40.917967 9.765624 -16.308593 27.539061 60.253903 0.976562 8.984375 11.718749 -10.546874 27.539061 -35.351561 30.664061 31.054686
5.175781 -3.515625 14.746093 -1.660156 18.066405 -29.296873 21.58203 -6.640625 19.726561 47.753904 -50.097654 76.953121 -14.453124 -18.652343 3.417969 38.281248 26.953124 18.847655 -0.976562 -12.499999 -66.015621 15.234374 -13.085937 10.839843
-50.390622 -51.074216 -5.46875 -9.277343 9.277343 -19.042968 20.80078 20.410155 49.999997 74.12109 -24.902342 32.51953 -19.140624 -12.890624 5.273437 59.765622 1.953125 12.988281 15.136718 -10.937499 -11.328124 -43.847654 7.226562 36.621092
-18.164062 -37.207029 22.265624 -10.351562 25.585936 -34.667967 25.585936 10.253906 43.652341 69.238278 1.5625 24.999999 22.265624 -17.578124 24.609374 49.41406 23.339842 18.359374 -13.281249 -13.085937 22.265624 13.281249 14.746093 32.128905
-89.45312 -108.6914 -6.640625 -27.148436 20.117186 -26.074217 29.589842 20.898436 48.730466 81.933589 -15.722655 33.593748 13.476562 -5.957031 23.242186 56.738278 -6.152343 20.605468 11.425781 -10.351562 23.339842 -9.277343 31.347655 46.28906
-0.585937 8.105468 -4.980468 8.496093 0.390625 -11.230468 22.460936 32.51953 66.503903 91.601558 -53.613278 78.613277 -20.898436 4.492187 17.285155 63.378903 19.628905 27.148436 31.542967 -11.132812 -50.097654 22.949218 24.414061 43.359373
2.441406 8.691406 -1.5625 10.449218 -3.027344 -6.25 7.714843 33.203123 44.531248 81.249996 -21.093749 77.734371 -3.710937 4.199219 13.867187 74.804683 28.124998 18.847655 17.871093 -11.328124 -6.152343 19.628905 25.292967 46.093748
16.11328 -13.281249 23.242186 -0.976562 18.749999 -29.589842 17.968749 -2.441406 15.33203 34.960936 1.464844 59.374997 0.195312 -31.542967 4.785156 39.453123 25.097655 19.628905 -1.074219 -10.546874 5.664062 0.292969 11.621093 10.351562
11.328124 -16.601562 18.45703 -3.515625 12.207031 -20.898436 7.714843 13.085937 8.59375 51.367185 -4.785156 60.742184 -18.261718 -35.156248 -19.531249 53.613278 20.605468 20.117186 8.496093 -10.937499 -8.789062 -1.171875 -19.23828 19.726561
-5.664062 6.152343 -13.378906 28.417967 -5.175781 -3.320312 30.17578 34.277342 60.742184 93.261714 -43.457029 109.374994 -5.175781 12.988281 32.910154 92.089839 19.140624 19.628905 32.421873 -12.109374 -9.472656 64.160153 42.773435 68.749996
-3.90625 -26.367186 1.5625 -1.269531 7.226562 -16.503905 23.14453 24.70703 48.828122 80.371089 -18.261718 61.035153 2.734375 -15.33203 21.777343 65.722653 9.179687 12.890624 16.406249 -11.132812 -3.027344 -3.320312 24.902342 40.332029
-20.703124 -12.695312 -12.011718 9.374999 -0.976562 -5.46875 21.58203 38.085935 46.582029 85.058589 -41.894529 109.960932 -4.003906 4.589844 20.410155 74.609371 4.980468 14.746093 19.042968 -11.914062 -31.347655 48.144529 7.128906 50.292966
-21.191405 -27.734374 0.585937 -0.683594 9.570312 -19.335936 16.699218 23.046874 31.445311 68.261715 -31.640623 86.132808 -12.011718 -4.101562 10.839843 67.08984 11.425781 17.187499 12.890624 -11.718749 -14.160155 41.992185 16.210937 47.558591
-15.33203 -34.472654 5.46875 -19.042968 24.902342 -34.667967 35.937498 15.33203 52.343747 66.113278 -10.546874 44.824216 16.601562 -17.187499 39.550779 50.097654 -2.539062 8.59375 5.859375 -8.789062 6.054687 -6.835937 37.304685 38.574217
-31.835936 -47.656247 9.667968 -14.746093 17.285155 -26.562499 21.777343 16.015624 40.624998 68.359371 10.742187 51.75781 33.398436 5.46875 33.691404 65.429684 11.621093 17.871093 5.859375 -11.328124 41.113279 15.527343 50.781247 61.132809
37.597654 26.367186 26.464842 27.246092 2.832031 -11.621093 5.175781 18.652343 34.765623 68.457028 -3.710937 81.445308 -4.199219 17.480468 5.078125 68.359371 36.425779 17.968749 3.515625 -9.765624 -2.832031 35.449217 8.886718 52.246091
27.539061 -12.109374 38.964842 -14.062499 26.367186 -35.058592 19.531249 -1.660156 45.410154 56.445309 18.945311 41.015623 25.585936 -18.652343 42.480466 42.675779 26.464842 18.359374 0.488281 -11.523437 22.949218 -9.277343 49.218747 16.992187
3.613281 -16.601562 14.257812 -3.027344 15.136718 -22.949218 8.203125 12.011718 35.546873 60.83984 1.269531 60.742184 0.0 -6.640625 9.667968 62.40234 24.414061 15.527343 2.246094 -10.937499 7.714843 4.003906 12.011718 38.378904
73.33984 55.957028 28.808592 12.304687 10.644531 -19.628905 20.996093 19.921874 57.519528 74.999996 -2.441406 90.624995 4.980468 -12.499999 24.804686 61.816403 36.328123 21.58203 18.554687 -10.546874 -20.312499 12.792968 20.01953 42.578123
-8.984375 -18.45703 -8.007812 -6.445312 -0.390625 -10.742187 17.871093 34.667967 63.476559 94.433589 -24.218749 78.320308 -0.488281 -3.417969 21.191405 73.242184 0.976562 10.351562 30.273436 -10.937499 -12.011718 34.960936 36.718748 57.812497
-5.957031 -22.36328 0.976562 -0.683594 6.25 -17.382812 16.89453 20.01953 32.324217 62.499997 -22.949218 57.910153 -9.863281 -15.234374 13.476562 55.957028 6.738281 5.664062 13.281249 -10.546874 -14.453124 -8.789062 8.496093 31.640623
-91.992183 -72.460934 -47.558591 -12.597656 -4.6875 -6.25 44.238279 48.437497 66.015621 95.70312 -91.601558 94.042964 -21.777343 29.492186 32.128905 87.792964 -13.085937 13.085937 45.605466 -10.937499 -55.66406 53.515622 20.214843 61.132809
-65.429684 -83.398433 -16.11328 -35.156248 5.664062 -17.187499 21.386718 16.308593 31.835936 56.933591 -36.816404 30.761717 -10.839843 -15.33203 4.882812 49.316404 -13.183593 20.80078 22.167968 -12.304687 -7.226562 -14.257812 0.488281 19.824218
-36.328123 -35.546873 -12.597656 3.515625 -2.441406 -5.957031 17.089843 17.187499 39.160154 60.449216 -60.937497 100.781245 -19.23828 13.476562 5.078125 69.140621 4.785156 15.039062 15.917968 -10.546874 -42.285154 52.148435 9.570312 43.261716
32.910154 1.074219 36.230467 -8.59375 30.273436 -39.453123 16.015624 -10.253906 20.01953 35.253904 18.45703 50.097654 1.757812 -14.55078 7.910156 39.843748 22.070311 15.33203 -10.156249 -11.718749 24.218749 -13.769531 3.222656 16.503905
-33.984373 -28.124998 -6.640625 10.449218 -1.953125 -7.714843 15.722655 31.835936 50.585935 75.68359 -32.51953 71.972652 -23.14453 7.910156 3.613281 64.062497 10.449218 25.292967 -0.585937 -11.914062 -21.679686 20.703124 0.0 41.894529
-1.074219 -22.167968 14.843749 -1.171875 10.644531 -21.777343 18.652343 16.015624 35.351561 64.843747 -7.324218 54.88281 8.398437 5.761718 20.898436 72.949215 17.871093 13.183593 -3.125 -13.085937 8.496093 14.55078 30.371092 48.046872
2.734375 -11.816406 13.085937 -2.832031 10.839843 -19.921874 -0.488281 16.89453 8.007812 55.66406 -13.964843 55.957028 -17.968749 5.175781 -4.003906 63.18359 11.816406 9.374999 0.878906 -12.304687 -20.605468 0.878906 -8.886718 37.109373
62.40234 29.101561 41.015623 5.46875 22.167968 -31.347655 23.92578 5.566406 42.871091 59.863278 20.117186 45.996091 17.382812 -12.988281 28.417967 50.683591 34.960936 19.433593 5.859375 -12.695312 2.148437 -3.320312 17.382812 25.683592
-3.417969 -30.17578 10.546874 -11.035156 23.730467 -33.496092 17.871093 2.929687 25.48828 53.808591 -17.089843 17.773437 -10.839843 -37.207029 12.597656 46.386716 10.058593 12.792968 2.929687 -12.695312 7.324218 -22.753905 11.035156 21.58203
39.25781 45.898435 4.980468 10.156249 -5.46875 -5.371093 9.667968 27.05078 43.261716 79.296871 -30.95703 110.156244 -8.789062 4.101562 11.914062 78.417965 27.636717 17.480468 14.062499 -11.132812 -31.933592 39.355467 35.058592 46.874997
-16.308593 -46.582029 14.55078 -24.218749 14.648437 -27.343749 23.535155 16.699218 33.789061 69.43359 20.898436 39.746092 16.796874 -25.195311 21.972655 62.40234 1.953125 12.304687 15.722655 -13.476562 50.19531 -20.80078 43.066404 31.445311
-62.304684 -74.609371 -16.308593 -17.089843 12.499999 -18.359374 46.484373 28.320311 61.62109 81.347652 -41.015623 62.109372 15.234374 -3.320312 44.824216 81.933589 -9.960937 11.718749 32.128905 -8.203125 -4.882812 37.011717 60.449216 50.781247
50.781247 42.871091 15.820312 16.210937 8.789062 -17.187499 15.136718 14.648437 16.503905 51.269528 -31.835936 90.527339 -14.257812 -14.55078 -2.929687 56.738278 22.753905 18.554687 9.960937 -11.914062 -50.683591 22.460936 7.421875 23.632811
24.609374 -21.679686 39.746092 -7.714843 17.871093 -25.878905 10.839843 6.640625 15.722655 52.636716 41.308592 56.933591 10.644531 -4.296875 1.660156 56.542966 22.36328 13.769531 2.832031 -11.718749 53.613278 1.074219 13.964843 25.195311
-12.499999 -17.382812 -7.03125 -3.320312 -6.445312 -4.296875 11.523437 33.691404 43.457029 73.144527 -38.47656 94.14062 -8.984375 30.078123 9.179687 87.499995 8.886718 14.160155 4.6875 -12.890624 -11.132812 50.292966 21.289061 63.96484
-11.621093 -34.179686 14.257812 -4.785156 13.769531 -21.874999 8.007812 4.101562 11.621093 42.675779 -10.156249 57.910153 13.378906 -5.273437 7.03125 38.281248 10.937499 13.378906 -19.042968 -10.937499 13.574218 7.128906 13.281249 11.230468
7.8125 -9.472656 6.152343 7.910156 6.445312 -15.917968 15.136718 14.257812 34.374998 67.382809 -21.093749 53.124997 -6.445312 13.085937 11.621093 63.476559 24.70703 18.359374 4.589844 -10.546874 -0.292969 5.371093 26.660155 31.835936
80.273433 16.11328 46.191404 -6.835937 26.953124 -34.179686 30.17578 -2.050781 33.398436 49.218747 19.140624 24.511717 -1.074219 -38.085935 13.964843 31.347655 25.683592 22.656249 13.574218 -9.570312 6.445312 -48.535154 18.847655 4.785156
60.449216 58.593747 25.878905 33.593748 1.757812 -9.765624 -5.46875 4.492187 7.421875 41.60156 -21.289061 86.230464 -34.472654 -11.230468 -12.402343 39.648435 47.07031 29.39453 -1.367187 -12.109374 -25.097655 20.01953 -8.789062 18.066405
-13.281249 -24.316405 1.953125 -6.738281 13.085937 -21.191405 19.042968 11.816406 41.894529 61.914059 -19.335936 63.085934 4.980468 -11.425781 28.906248 64.648434 7.910156 16.796874 5.566406 -12.304687 4.6875 19.23828 25.683592 34.960936
-161.132804 -199.999989 -12.499999 -71.289059 29.003905 -38.378904 44.335935 14.453124 56.835934 71.191402 18.652343 -0.390625 53.515622 -20.898436 63.281247 67.187496 -37.304685 4.003906 13.378906 -13.085937 86.230464 4.589844 73.535152 50.781247
55.859372 41.796873 25.390624 20.214843 15.136718 -22.851561 22.167968 2.050781 32.617186 54.199216 -16.796874 102.441401 -7.910156 -29.296873 17.578124 41.503904 25.781249 14.160155 5.078125 -10.937499 -47.460935 30.761717 0.683594 13.964843
-41.113279 -36.328123 -18.359374 -1.464844 0.488281 -9.082031 19.921874 20.312499 35.058592 64.257809 -49.609372 82.128902 -25.976561 -0.878906 8.691406 60.644528 -0.78125 14.453124 18.749999 -11.523437 -25.195311 46.972654 18.652343 34.472654
-66.406246 -53.222653 -25.292967 2.636719 -10.742187 1.855469 20.898436 31.152342 45.312498 76.074215 -76.757808 89.550776 -32.226561 20.898436 7.226562 74.414059 0.097656 24.609374 25.683592 -11.718749 -54.394528 61.523434 15.234374 47.558591
-34.570311 -56.542966 8.59375 -16.406249 11.816406 -23.046874 20.01953 11.816406 40.527342 62.011715 13.964843 37.499998 15.039062 -7.910156 26.660155 49.999997 -0.292969 6.542968 12.304687 -12.890624 49.999997 -8.398437 34.374998 29.199217
6.835937 -1.464844 9.179687 5.46875 1.171875 -13.085937 7.8125 8.496093 16.015624 43.359373 -30.761717 65.136715 -22.070311 0.976562 -4.882812 43.457029 19.531249 12.792968 -1.757812 -13.281249 -30.371092 18.359374 -8.59375 20.898436
-10.058593 -20.996093 5.859375 -0.878906 10.058593 -18.45703 29.882811 22.851561 51.562497 74.707027 -30.566405 70.507809 -9.179687 25.48828 24.316405 72.753902 12.109374 13.574218 2.832031 -11.328124 2.34375 22.656249 24.121092 56.249997
12.304687 -6.152343 18.261718 3.808594 11.718749 -19.531249 6.152343 10.449218 10.742187 50.97656 -2.34375 62.011715 -7.421875 -7.910156 -5.566406 41.210935 22.265624 17.871093 3.320312 -10.937499 -0.976562 6.445312 -6.835937 12.988281
38.085935 42.187498 0.0 21.679686 -12.597656 7.03125 8.59375 38.574217 43.554685 87.402339 -48.730466 83.007808 -42.968748 19.433593 -6.25 74.609371 21.874999 27.539061 30.859373 -9.179687 -48.339841 11.718749 -3.320312 46.582029
3.027344 -15.039062 19.042968 -4.003906 26.660155 -34.863279 21.386718 -10.058593 29.101561 41.699217 -24.316405 71.093746 13.085937 -24.414061 29.492186 27.343749 11.816406 -1.464844 -9.277343 -12.109374 -25.292967 23.535155 16.210937 7.128906
-10.449218 -31.054686 19.921874 -12.792968 18.945311 -27.636717 25.585936 7.8125 37.402342 56.542966 2.539062 36.328123 12.792968 -18.847655 30.17578 52.832028 12.109374 12.207031 1.464844 -12.109374 33.691404 -21.679686 26.074217 26.26953
6.054687 10.839843 11.718749 9.960937 8.691406 -17.480468 20.117186 15.039062 36.523436 56.738278 -13.671874 67.87109 -2.441406 -15.820312 25.48828 45.410154 26.855467 20.312499 8.300781 -12.304687 -0.683594 10.351562 26.074217 28.61328
25.683592 14.062499 9.277343 -0.390625 16.796874 -25.48828 32.617186 12.207031 41.503904 63.867184 9.082031 56.835934 24.023436 -36.230467 38.183592 35.058592 -0.195312 11.132812 12.011718 -9.765624 1.660156 -22.656249 51.855466 1.367187
34.667967 -19.042968 46.386716 -26.367186 33.203123 -43.847654 19.726561 -3.027344 31.640623 50.683591 95.507807 -13.085937 41.796873 -31.249998 33.886717 37.207029 7.421875 5.859375 -1.757812 -12.304687 119.335931 -81.347652 41.210935 18.847655
-20.605468 -44.042966 7.03125 -14.746093 9.667968 -19.042968 8.496093 19.23828 30.468748 68.261715 14.257812 26.562499 6.152343 -2.734375 12.207031 61.62109 4.296875 15.039062 20.312499 -13.671874 45.117185 -23.339842 39.746092 39.25781
8.105468 -12.109374 19.042968 -4.394531 12.402343 -21.777343 15.136718 13.574218 34.277342 56.640622 41.015623 38.867185 9.667968 -8.984375 16.210937 52.734372 6.152343 4.785156 5.859375 -11.718749 60.449216 -23.535155 25.195311 25.390624
-11.425781 20.117186 -34.765623 29.785155 -15.624999 6.152343 7.714843 40.624998 38.574217 76.757808 -65.722653 113.964838 -32.128905 30.761717 -6.152343 82.324214 3.222656 21.093749 20.605468 -10.156249 -60.937497 61.425778 9.765624 57.031247
-34.570311 -44.531248 7.421875 -12.109374 8.105468 -16.992187 22.167968 23.632811 76.855465 88.964839 -19.140624 43.652341 -14.355468 13.378906 2.34375 70.117184 15.136718 25.097655 -15.624999 -13.671874 -9.765624 0.390625 -17.968749 59.570309
-4.394531 -12.890624 16.503905 -4.199219 12.499999 -21.093749 16.406249 15.234374 22.460936 54.589841 1.171875 58.691403 12.304687 10.937499 19.921874 74.511715 22.36328 27.05078 20.703124 -10.937499 11.230468 7.910156 36.816404 47.949216
8.300781 -7.519531 19.726561 -2.441406 7.128906 -14.453124 10.742187 14.55078 32.128905 60.449216 11.035156 60.351559 5.078125 11.035156 13.183593 61.230465 15.527343 18.261718 18.749999 -11.132812 18.945311 15.917968 24.804686 40.527342
99.023432 74.023434 35.351561 15.722655 7.714843 -18.945311 14.843749 6.640625 21.386718 51.855466 14.062499 72.656246 -17.871093 -15.234374 3.710937 46.28906 35.644529 19.824218 8.59375 -11.523437 -20.898436 -1.953125 -3.417969 11.035156
24.511717 9.863281 16.89453 5.273437 13.574218 -23.828124 25.585936 14.062499 36.718748 64.453122 8.105468 62.890622 3.417969 -17.871093 18.45703 62.207028 9.667968 12.304687 15.039062 -12.304687 0.195312 4.101562 10.839843 32.812498
-40.917967 -33.886717 -25.683592 -0.976562 -4.980468 -6.347656 28.320311 42.285154 50.878904 82.324214 -40.624998 53.808591 -27.343749 -9.960937 9.472656 77.343746 -0.390625 17.578124 32.031248 -12.109374 -9.863281 5.371093 12.304687 47.949216
-71.386715 -85.644527 -8.007812 -26.562499 13.476562 -23.632811 26.562499 23.92578 39.648435 64.257809 -5.664062 40.03906 9.960937 -11.132812 23.046874 66.30859 -11.425781 15.527343 17.187499 -11.718749 34.765623 9.472656 23.437499 48.63281
-31.445311 -28.320311 -26.074217 2.34375 -5.273437 -3.808594 34.472654 53.027341 75.878902 104.003901 -24.804686 71.972652 -13.769531 13.574218 21.679686 93.945307 -6.054687 24.999999 48.730466 -11.328124 10.644531 25.097655 30.078123 75.878902
41.992185 18.066405 22.070311 9.863281 4.199219 -15.820312 10.937499 7.714843 18.749999 44.238279 -17.67578 85.54687 -16.015624 -10.644531 5.957031 45.605466 22.656249 17.285155 3.320312 -10.937499 -26.953124 40.234373 5.566406 29.785155
-22.851561 -40.624998 5.273437 -18.945311 10.156249 -19.824218 18.652343 14.746093 28.710936 57.812497 -5.761718 37.011717 -5.566406 -7.128906 10.449218 54.980466 7.519531 19.433593 13.281249 -9.765624 13.867187 -13.183593 27.148436 37.69531
-8.300781 -36.718748 8.398437 -27.929686 5.664062 -15.820312 7.8125 7.128906 20.703124 51.074216 7.617187 32.128905 -1.953125 -3.515625 6.542968 41.210935 2.34375 12.695312 6.835937 -12.695312 33.398436 -19.042968 18.066405 18.45703
-42.871091 -46.28906 -6.152343 -8.691406 1.464844 -10.839843 9.765624 13.769531 31.054686 55.468747 -43.94531 49.902341 -16.503905 6.933593 12.207031 41.210935 6.835937 18.554687 7.226562 -10.937499 -19.531249 8.886718 1.074219 22.265624
-16.796874 -40.332029 13.085937 -8.007812 17.089843 -27.83203 20.214843 4.199219 33.105467 53.613278 4.394531 34.179686 10.253906 -3.808594 21.874999 26.855467 7.226562 14.355468 -1.464844 -12.499999 8.007812 -12.109374 7.617187 22.949218
1.367187 -6.054687 15.429687 4.6875 4.882812 -13.867187 7.519531 10.546874 25.195311 54.980466 6.25 63.18359 -0.585937 14.062499 13.964843 54.980466 21.484374 13.964843 0.097656 -9.374999 12.499999 10.546874 19.921874 38.085935
108.6914 112.988275 26.464842 45.50781 -5.859375 -6.542968 10.839843 10.839843 32.617186 50.97656 13.183593 80.371089 -5.859375 -14.941405 5.957031 31.347655 48.63281 19.433593 4.589844 -13.281249 -37.207029 -8.886718 -8.007812 3.515625
20.507811 27.246092 -0.78125 18.359374 -10.839843 0.878906 5.859375 27.343749 32.910154 63.574215 -7.324218 105.566401 -11.914062 18.749999 -3.320312 63.281247 13.574218 15.722655 20.312499 -12.890624 3.90625 52.832028 7.8125 46.972654
30.859373 -0.488281 36.328123 4.003906 10.058593 -19.824218 0.292969 4.101562 5.859375 44.042966 13.183593 45.898435 -16.11328 -24.804686 -8.984375 45.50781 28.027342 24.121092 0.0 -10.742187 1.074219 -8.496093 -2.832031 27.929686
-147.753898 -170.800772 -18.261718 -46.874997 21.972655 -32.128905 35.253904 10.937499 46.28906 70.507809 31.640623 -4.492187 40.82031 -7.324218 48.925779 68.945309 -27.734374 6.835937 14.062499 -12.109374 82.519527 -18.066405 66.894528 59.179684
35.253904 24.609374 6.835937 8.300781 -3.90625 -7.324218 8.105468 14.257812 32.324217 56.445309 -1.464844 73.535152 -13.378906 -5.664062 7.128906 58.496091 13.867187 12.109374 6.542968 -12.890624 -15.234374 15.624999 18.652343 28.515623
-18.45703 -44.433591 10.742187 -36.621092 14.355468 -25.390624 19.628905 10.449218 36.523436 64.843747 48.046872 6.640625 11.718749 -12.597656 23.14453 60.644528 -1.074219 6.152343 15.624999 -10.937499 66.113278 -56.347653 34.277342 26.855467
7.226562 -2.636719 -3.710937 -1.171875 -10.644531 2.441406 -2.636719 26.757811 35.058592 68.945309 8.398437 52.148435 -24.023436 8.59375 -9.667968 58.789059 11.523437 18.261718 20.605468 -10.156249 19.531249 -18.945311 11.230468 33.789061
-1.953125 40.136717 -19.726561 47.656247 -23.92578 16.503905 -0.585937 38.964842 18.066405 62.40234 -96.093745 140.039055 -66.894528 32.421873 -35.449217 67.87109 23.14453 22.949218 20.996093 -12.695312 -106.249994 90.136714 -37.792967 41.503904
-20.01953 -41.796873 11.230468 -4.785156 17.968749 -28.808592 19.726561 -3.125 7.714843 32.031248 -16.210937 28.124998 -5.371093 -20.80078 1.855469 22.558593 6.738281 14.55078 -14.843749 -12.109374 -4.101562 -24.218749 -22.460936 2.34375
24.121092 -9.277343 32.031248 -3.808594 20.605468 -30.371092 30.468748 -3.027344 65.234371 61.523434 17.187499 45.703123 23.046874 -19.726561 171.679678 6.542968 7.519531 6.738281 -16.015624 -13.671874 21.484374 -5.078125 205.371083 -13.964843
5.371093 -0.097656 11.816406 -6.152343 7.8125 -18.359374 3.417969 13.769531 15.039062 40.429685 -11.621093 61.328122 -18.359374 12.011718 -30.859373 92.382808 16.11328 11.230468 -0.195312 -12.695312 -22.753905 8.59375 -2.929687 87.304683
54.394528 49.902341 19.921874 7.519531 5.078125 -16.015624 -16.406249 -4.492187 -10.839843 17.773437 -17.187499 79.296871 -35.058592 -22.460936 -31.835936 17.285155 36.718748 14.160155 -12.109374 -11.328124 -45.898435 7.421875 -44.628904 -12.695312
-93.164057 -116.5039 -10.449218 -43.261716 17.773437 -28.124998 11.914062 10.253906 32.031248 56.640622 -6.542968 15.722655 5.761718 -16.601562 21.58203 50.19531 -7.324218 13.964843 4.589844 -12.695312 40.624998 -3.027344 27.734374 32.324217
50.878904 35.058592 8.886718 1.171875 5.859375 -15.917968 2.539062 10.742187 26.074217 53.906247 2.246094 81.640621 4.882812 -11.621093 14.941405 60.83984 21.191405 6.640625 -3.90625 -13.085937 -8.984375 23.437499 13.085937 41.406248
-9.082031 -32.226561 9.374999 -29.882811 16.796874 -26.26953 9.374999 12.011718 23.14453 55.957028 -7.421875 45.605466 0.292969 -27.441405 12.304687 55.371091 -6.347656 6.054687 -0.195312 -12.499999 -0.585937 4.296875 15.33203 48.437497
41.406248 26.562499 16.406249 12.792968 3.027344 -10.937499 13.183593 25.585936 22.070311 62.597653 -16.11328 101.269526 -21.484374 -7.617187 -4.101562 74.218746 19.921874 10.839843 15.136718 -10.937499 -25.195311 47.558591 -3.808594 57.714841
19.726561 6.835937 2.050781 14.843749 -10.839843 1.660156 -0.878906 31.249998 18.164062 69.140621 -22.460936 72.265621 -31.835936 -5.566406 -16.11328 79.101558 20.996093 22.851561 14.257812 -12.695312 -8.59375 15.039062 -19.433593 70.703121
-4.589844 -40.136717 10.839843 -25.390624 22.949218 -31.054686 26.171874 13.867187 42.187498 69.628903 2.148437 37.890623 9.179687 -16.796874 22.753905 67.968746 4.003906 8.691406 11.523437 -11.328124 9.179687 -12.011718 20.605468 59.863278
67.968746 12.207031 58.300778 -3.808594 30.468748 -40.136717 6.933593 -15.429687 16.503905 38.574217 43.16406 47.07031 18.359374 -29.101561 8.691406 43.847654 31.835936 13.671874 -15.33203 -11.718749 28.027342 -9.179687 15.820312 39.746092
28.61328 -1.367187 21.58203 -0.878906 11.035156 -21.777343 3.125 2.441406 8.59375 38.47656 -4.882812 45.800779 -10.839843 -22.265624 -4.101562 47.656247 19.140624 12.597656 -4.296875 -12.304687 -6.25 -4.199219 -11.425781 34.667967
-18.945311 -57.812497 14.257812 -29.101561 16.503905 -25.781249 -10.449218 -2.734375 -2.929687 38.964842 -21.191405 21.484374 -21.777343 -30.078123 -28.027342 38.671873 10.058593 13.085937 -13.964843 -10.937499 -20.80078 -21.484374 -38.47656 25.48828
-28.417967 -66.406246 5.273437 -20.703124 11.035156 -21.191405 8.886718 23.92578 34.863279 83.98437 -7.03125 39.355467 8.007812 -0.585937 6.933593 78.222652 -5.664062 6.542968 -7.421875 -13.476562 20.117186 -11.523437 28.222655 68.65234
-6.835937 -37.304685 4.394531 -14.648437 8.398437 -17.968749 13.085937 8.496093 33.007811 48.437497 -25.195311 46.093748 -10.546874 -9.765624 12.207031 48.730466 4.785156 8.59375 8.398437 -13.476562 -19.531249 -4.589844 3.613281 40.722654
99.121088 98.04687 6.835937 34.179686 -16.210937 4.492187 -6.152343 20.312499 7.519531 48.144529 -59.082028 106.054682 -69.335934 -3.125 -35.546873 49.218747 31.054686 22.070311 7.128906 -12.304687 -107.714838 24.414061 -52.734372 35.058592
-7.617187 -33.007811 12.890624 2.148437 10.351562 -18.652343 -5.371093 4.589844 -0.390625 36.816404 -29.785155 69.531246 -20.80078 -6.152343 -11.132812 56.542966 21.58203 8.398437 -9.765624 -9.765624 -25.292967 41.015623 -15.33203 52.53906
3.417969 -18.945311 20.996093 1.074219 10.449218 -20.312499 7.128906 -4.6875 12.988281 32.324217 -15.039062 73.144527 -23.339842 -16.210937 1.660156 35.839842 21.972655 10.742187 -10.058593 -11.718749 -28.222655 34.472654 -12.304687 42.968748
12.988281 -25.878905 13.476562 -6.347656 8.105468 -19.140624 15.917968 17.67578 38.574217 69.531246 -7.8125 69.140621 5.273437 -5.957031 21.874999 64.843747 -0.585937 -2.246094 17.871093 -11.523437 -0.585937 38.47656 21.777343 63.671872
21.093749 -24.023436 15.33203 -21.191405 18.359374 -27.148436 23.046874 4.199219 30.17578 54.296872 16.210937 10.937499 -2.636719 -34.277342 8.496093 39.25781 1.269531 8.105468 19.335936 -12.109374 4.6875 -50.585935 -2.34375 30.95703
52.929685 7.421875 21.289061 -8.691406 12.207031 -19.140624 11.914062 18.554687 29.785155 67.187496 45.312498 8.007812 -0.683594 -24.023436 4.882812 58.593747 14.062499 7.03125 9.374999 -11.914062 35.546873 -66.894528 0.585937 40.332029
-12.011718 -36.035154 -0.195312 -8.886718 13.867187 -23.14453 14.355468 1.855469 28.417967 49.609372 -62.109372 59.277341 -15.234374 -18.847655 4.882812 43.066404 0.097656 16.015624 9.570312 -11.914062 -81.640621 26.074217 -16.503905 34.082029
1.953125 -16.89453 -6.445312 5.46875 1.855469 -12.890624 5.46875 20.996093 26.660155 58.398434 -42.871091 87.695308 -4.785156 2.441406 2.050781 62.695309 -0.292969 3.808594 -3.90625 -13.867187 -48.730466 58.691403 4.980468 61.328122
-38.085935 -23.92578 -30.468748 7.617187 -7.714843 -0.78125 3.808594 20.703124 21.386718 63.281247 -40.136717 74.511715 -8.789062 9.863281 -1.171875 61.523434 -4.394531 15.527343 12.695312 -11.132812 -14.746093 26.757811 -1.5625 61.523434
-20.898436 -51.953122 6.445312 -17.480468 20.703124 -26.757811 18.261718 10.937499 38.085935 52.734372 -1.5625 58.593747 -4.492187 -6.738281 10.839843 45.312498 4.101562 16.503905 1.367187 -12.109374 -9.667968 -7.226562 8.300781 57.031247
-18.066405 -52.343747 11.523437 -36.914061 12.597656 -21.484374 6.347656 7.226562 35.449217 52.441403 2.539062 52.343747 -6.25 -25.683592 -15.820312 17.089843 -33.496092 -39.062498 -51.660153 -11.914062 0.390625 -18.652343 -8.007812 19.335936
7.03125 -21.191405 13.769531 -10.449218 6.738281 -15.039062 19.042968 2.929687 30.468748 46.386716 -8.300781 56.835934 -5.761718 6.835937 27.636717 61.230465 15.039062 17.578124 25.390624 -11.132812 -5.664062 4.296875 24.999999 58.789059
-8.007812 -50.097654 4.980468 -21.777343 12.499999 -21.679686 0.292969 -2.050781 4.589844 31.347655 1.367187 52.343747 -4.882812 -2.148437 4.6875 45.50781 7.714843 8.300781 -12.890624 -10.937499 -13.574218 -6.835937 1.367187 38.183592
4.785156 -21.874999 -16.015624 -13.183593 -4.003906 -4.296875 2.636719 20.898436 20.312499 64.160153 -6.640625 28.710936 -13.574218 4.003906 -13.281249 61.62109 -5.371093 2.34375 9.863281 -9.960937 -10.937499 -0.683594 -15.136718 48.144529
8.691406 -38.281248 11.816406 -7.421875 11.523437 -20.214843 14.55078 19.433593 31.347655 68.164059 5.859375 49.999997 24.218749 -6.933593 26.367186 62.40234 7.324218 0.292969 1.855469 -11.132812 17.67578 10.742187 29.39453 61.230465
-20.898436 -21.972655 -15.820312 4.6875 -11.132812 2.050781 20.507811 37.890623 51.074216 87.011714 -48.437497 66.210934 -45.703123 -4.589844 -8.886718 65.820309 -1.269531 25.683592 33.984373 -13.281249 -60.546872 11.425781 -11.621093 62.597653
78.320308 24.999999 45.117185 4.785156 21.777343 -30.761717 21.972655 -0.878906 14.160155 38.183592 10.742187 69.335934 16.89453 -20.117186 12.597656 26.660155 17.968749 21.289061 -3.515625 -11.523437 -4.980468 11.132812 6.25 26.367186
7.128906 -33.691404 21.58203 -8.691406 22.558593 -33.593748 20.410155 -6.933593 32.812498 44.921873 24.609374 35.937498 28.417967 -24.218749 35.839842 27.246092 0.488281 5.46875 -2.539062 -13.085937 17.187499 -16.308593 37.597654 22.36328
3.125 -25.195311 8.105468 -12.597656 13.769531 -22.753905 23.339842 12.011718 36.621092 69.628903 -22.460936 38.378904 -5.371093 -3.515625 9.277343 56.738278 1.171875 10.839843 14.746093 -14.453124 -12.597656 -4.6875 1.269531 54.296872
10.546874 -12.109374 5.957031 0.878906 4.296875 -12.207031 15.234374 11.523437 34.374998 59.570309 -6.542968 64.941403 9.960937 11.230468 13.964843 60.253903 7.421875 8.007812 0.878906 -10.742187 -1.953125 22.460936 15.820312 61.230465
-36.035154 -64.74609 -1.855469 -21.484374 6.445312 -16.503905 11.230468 13.671874 26.171874 58.496091 -5.078125 27.83203 -0.78125 -4.101562 2.441406 50.292966 -6.738281 7.03125 3.027344 -12.499999 15.624999 -5.859375 15.039062 43.847654
-3.222656 -28.61328 14.257812 -5.664062 10.156249 -18.359374 23.046874 9.179687 52.246091 67.675778 12.011718 48.925779 27.343749 7.714843 36.035154 47.753904 9.863281 13.574218 14.648437 -11.132812 26.562499 9.179687 46.191404 48.63281
33.203123 5.371093 26.562499 -3.027344 3.613281 -14.746093 14.257812 12.109374 25.683592 55.273435 -2.050781 74.90234 -9.765624 14.160155 5.859375 52.343747 22.070311 13.671874 13.867187 -12.695312 0.0 31.835936 11.914062 45.996091
46.582029 8.496093 34.960936 -3.417969 16.406249 -24.609374 9.863281 -4.492187 12.597656 35.058592 14.843749 44.140623 12.597656 -16.015624 10.546874 24.804686 23.437499 16.308593 4.6875 -10.546874 2.734375 -13.085937 19.628905 17.480468
-42.38281 -79.980464 11.425781 -48.730466 25.781249 -34.570311 0.195312 -4.6875 -1.171875 16.308593 -91.992183 -55.175778 -75.976558 -106.542963 -14.257812 -1.074219 -12.499999 -11.425781 -15.039062 -14.257812 -86.914058 -90.332026 -56.835934 -57.910153
8.203125 -26.171874 12.988281 -11.328124 15.527343 -24.023436 8.789062 1.953125 15.039062 36.132811 11.816406 55.078122 2.148437 -21.191405 5.371093 31.835936 3.222656 4.101562 -6.445312 -10.937499 5.761718 1.5625 -3.027344 23.437499
2.734375 -20.410155 9.082031 -6.542968 11.816406 -21.484374 30.078123 27.246092 48.046872 90.722651 -3.808594 49.609372 -7.421875 -6.542968 22.851561 57.617184 11.718749 15.527343 50.488279 -11.523437 -2.246094 1.464844 12.207031 52.246091
-10.839843 -12.499999 -10.742187 0.195312 -9.179687 -1.660156 0.878906 25.48828 14.062499 60.351559 -30.95703 69.628903 -34.960936 13.574218 -24.804686 50.390622 2.34375 16.406249 -6.835937 -12.890624 -9.179687 22.167968 -16.89453 51.562497
3.613281 -21.093749 -10.742187 -5.761718 5.761718 -16.015624 93.35937 91.503901 487.011693 482.421849 -21.874999 19.433593 -46.386716 -44.531248 2.441406 30.17578 -7.128906 27.05078 74.218746 -12.304687 -53.222653 -68.847653 -64.355465 -41.015623
114.453119 80.175777 50.097654 19.628905 10.546874 -20.507811 -27.929686 -16.015624 -208.984364 -69.140621 35.449217 47.753904 5.273437 2.148437 -15.820312 41.503904 36.621092 9.960937 -16.015624 -12.109374 1.367187 -13.964843 33.984373 62.109372
77.539058 51.953122 36.230467 13.964843 4.394531 -17.773437 -2.832031 -11.425781 60.351559 -41.503904 20.312499 76.171871 8.691406 13.574218 26.660155 59.863278 27.148436 1.5625 12.011718 -12.890624 9.960937 23.92578 49.902341 59.179684
53.027341 36.914061 28.808592 30.761717 -2.050781 -9.277343 -19.531249 -7.8125 -67.675778 -80.664058 23.046874 86.621089 -7.8125 25.195311 -7.617187 42.089841 34.179686 3.613281 -7.617187 -15.624999 -14.941405 45.117185 5.273437 49.023435
24.121092 -29.589842 46.28906 -14.160155 33.203123 -40.136717 -0.683594 -18.359374 -15.917968 -10.644531 38.574217 18.554687 12.988281 -31.152342 -6.152343 17.187499 21.874999 12.988281 -8.496093 -10.937499 26.171874 -22.167968 -0.878906 22.265624
6.25 -19.042968 6.25 3.613281 4.589844 -13.671874 8.007812 1.367187 19.140624 30.761717 5.273437 48.437497 8.007812 -4.882812 13.769531 42.675779 21.386718 17.968749 5.957031 -12.890624 14.843749 20.605468 23.535155 53.027341
9.472656 -9.374999 3.710937 -3.417969 8.886718 -17.67578 14.355468 2.929687 33.496092 48.144529 21.484374 46.972654 25.48828 -19.042968 24.609374 38.574217 0.292969 3.808594 4.882812 -12.304687 11.328124 -14.355468 30.566405 41.113279
-170.898428 -187.402334 -21.777343 -52.929685 20.117186 -30.371092 21.874999 2.734375 28.515623 42.089841 -7.617187 6.445312 29.199217 -1.269531 29.296873 48.63281 -32.812498 -5.859375 2.246094 -13.476562 49.902341 15.429687 45.019529 68.261715
-12.988281 -42.480466 6.445312 -3.320312 12.890624 -23.535155 14.453124 -1.855469 24.70703 36.718748 1.660156 44.238279 6.835937 -13.671874 17.285155 32.812498 -1.757812 6.054687 0.390625 -14.257812 19.335936 7.8125 23.046874 52.441403
3.515625 -3.613281 8.007812 5.46875 1.953125 -11.132812 10.937499 7.8125 17.187499 45.996091 -7.324218 58.984372 -3.125 0.585937 6.445312 40.624998 7.519531 13.769531 6.152343 -12.890624 -0.292969 19.531249 13.281249 52.246091
4.6875 -14.55078 10.839843 -1.5625 5.957031 -16.601562 4.101562 8.007812 18.652343 45.703123 2.441406 51.75781 -1.269531 -5.46875 2.34375 41.60156 2.539062 9.570312 4.6875 -12.890624 -0.195312 5.664062 6.933593 44.042966
25.390624 -1.953125 17.871093 1.757812 10.546874 -19.531249 22.265624 7.8125 35.644529 51.269528 6.054687 28.417967 2.832031 -2.832031 11.132812 36.914061 15.820312 17.480468 7.421875 -12.304687 -0.78125 -6.933593 15.33203 49.41406
120.214837 105.371088 37.597654 37.988279 0.976562 -11.132812 -0.78125 -7.03125 9.765624 31.933592 -15.039062 76.660152 -35.644529 -7.324218 -8.398437 30.273436 48.046872 21.874999 -3.027344 -10.156249 -53.417966 7.324218 -0.78125 35.839842
-20.410155 -44.238279 6.347656 -15.33203 8.59375 -23.14453 12.011718 8.007812 34.277342 53.124997 2.246094 33.593748 4.199219 -4.589844 17.285155 46.777341 3.125 8.691406 7.421875 -14.843749 26.464842 9.960937 25.195311 52.929685
-7.8125 -27.636717 -0.78125 0.683594 1.367187 -10.839843 8.496093 14.160155 28.417967 49.41406 -11.132812 45.996091 -6.835937 -6.933593 9.765624 41.406248 7.519531 9.960937 12.988281 -9.765624 -2.636719 5.761718 8.789062 49.804685
43.261716 15.136718 9.667968 3.710937 7.617187 -16.308593 10.253906 5.566406 30.761717 49.902341 -7.519531 36.230467 -6.054687 -35.839842 12.402343 30.859373 4.492187 4.394531 8.203125 -11.718749 -17.089843 -27.929686 19.824218 20.214843
-52.343747 -54.296872 -13.671874 -2.148437 -1.367187 -8.886718 23.828124 28.222655 58.007809 77.148433 -1.855469 54.589841 21.484374 11.328124 29.980467 64.648434 -4.199219 6.738281 20.117186 -13.671874 28.906248 30.371092 37.402342 77.050777
82.910152 57.519528 24.511717 5.371093 7.8125 -16.89453 14.843749 5.175781 24.902342 42.578123 9.765624 66.015621 -0.585937 -38.183592 4.394531 20.898436 15.234374 6.445312 8.300781 -11.914062 -24.414061 -21.386718 -15.039062 21.386718
6.640625 -15.234374 9.374999 1.855469 5.46875 -14.453124 16.11328 19.335936 41.210935 65.136715 18.652343 57.421872 12.792968 -11.425781 14.062499 45.898435 6.542968 9.960937 7.128906 -12.499999 18.652343 -13.476562 28.320311 65.722653
57.324216 27.343749 22.460936 8.398437 9.960937 -19.23828 16.11328 9.179687 38.671873 58.300778 33.105467 54.88281 27.148436 -11.621093 24.511717 49.121091 10.839843 3.125 14.746093 -12.304687 18.749999 1.269531 42.480466 55.761716
16.89453 6.152343 13.378906 18.066405 -0.683594 -7.910156 1.367187 20.507811 27.441405 55.66406 -8.496093 49.41406 -3.320312 -1.855469 3.417969 50.878904 14.257812 12.597656 12.695312 -11.132812 -8.300781 20.410155 20.214843 53.906247
8.496093 -6.933593 14.160155 -0.878906 18.652343 -29.39453 20.898436 -11.035156 31.249998 34.472654 -4.199219 58.105466 -3.027344 -26.464842 16.992187 17.578124 12.499999 7.421875 -0.78125 -14.453124 -6.933593 0.390625 17.480468 29.492186
-2.050781 -18.359374 11.035156 -8.300781 9.960937 -17.968749 11.230468 8.398437 34.765623 49.121091 7.128906 50.390622 13.378906 -3.808594 16.796874 46.679685 4.785156 7.03125 2.441406 -11.914062 3.417969 19.140624 30.17578 60.058591
-2.539062 -30.95703 24.804686 -20.117186 16.308593 -26.074217 24.218749 13.378906 57.519528 63.281247 29.785155 37.499998 24.023436 -4.394531 33.593748 47.558591 4.6875 5.859375 22.851561 -13.085937 30.17578 2.832031 35.449217 58.593747
-5.371093 -15.234374 5.957031 1.757812 7.03125 -16.992187 3.90625 5.371093 16.601562 39.453123 -12.402343 45.019529 -16.89453 -11.132812 -1.074219 27.636717 2.636719 5.371093 6.054687 -11.718749 -10.351562 -1.171875 -1.5625 35.839842
-10.449218 -23.14453 3.90625 -0.683594 11.035156 -21.679686 17.67578 4.785156 33.105467 52.148435 -5.859375 46.191404 3.222656 -7.324218 11.230468 39.941404 -1.367187 2.050781 9.667968 -12.890624 7.226562 -2.734375 12.011718 44.531248
-5.859375 -19.433593 10.742187 -16.308593 7.617187 -16.796874 8.984375 6.542968 19.531249 44.140623 20.605468 40.917967 1.855469 -10.253906 3.027344 37.109373 0.0 7.519531 9.179687 -10.937499 10.449218 -10.742187 6.542968 30.566405
0.0 -6.738281 -0.585937 -6.835937 -4.589844 -4.296875 14.843749 22.070311 31.640623 63.769528 -22.656249 43.847654 -1.269531 6.640625 7.714843 57.519528 3.808594 14.746093 16.796874 -12.499999 -21.58203 8.789062 17.773437 60.937497
22.460936 1.074219 11.914062 0.878906 1.269531 -11.621093 12.011718 10.253906 18.945311 48.144529 -5.859375 54.88281 -8.984375 3.222656 -3.515625 46.874997 3.90625 15.33203 14.746093 -13.671874 -11.523437 16.89453 3.125 56.542966
11.230468 -4.589844 9.960937 0.878906 3.027344 -15.722655 -4.296875 0.683594 4.199219 31.73828 -16.992187 51.464841 -8.59375 -3.320312 -3.613281 34.863279 10.156249 5.859375 -7.226562 -14.453124 -7.8125 15.136718 8.398437 48.144529
-12.304687 -23.92578 -0.585937 -3.90625 -5.078125 -6.25 9.277343 21.289061 26.855467 55.761716 -17.968749 47.265622 -9.863281 4.492187 2.441406 49.218747 7.226562 11.035156 19.726561 -14.062499 -9.960937 3.125 1.953125 50.390622
36.523436 29.589842 11.230468 10.449218 -1.855469 -6.640625 3.613281 10.546874 19.23828 43.261716 -30.761717 74.90234 -37.69531 3.90625 -14.843749 35.156248 12.109374 11.621093 9.472656 -11.132812 -46.191404 17.089843 -22.949218 31.835936
4.101562 -8.398437 10.839843 -3.613281 14.941405 -23.046874 18.066405 8.984375 33.886717 57.812497 -11.523437 43.554685 -20.312499 -2.929687 6.152343 54.589841 8.398437 16.11328 16.015624 -13.476562 -21.874999 7.617187 16.308593 65.52734
-55.468747 -69.238278 9.179687 -23.242186 25.683592 -35.644529 12.597656 -13.378906 15.33203 30.273436 -68.847653 12.109374 -25.195311 -34.570311 4.785156 10.644531 -16.210937 -6.152343 0.78125 -11.718749 -17.382812 -37.499998 -11.035156 4.589844
7.8125 -15.820312 16.503905 -12.597656 9.277343 -18.45703 11.328124 1.5625 33.593748 46.191404 12.988281 25.878905 8.007812 -9.863281 17.187499 41.406248 7.421875 6.347656 -1.367187 -11.132812 23.535155 -4.882812 22.265624 49.609372
25.781249 13.964843 9.960937 7.519531 -1.269531 -7.910156 7.421875 12.890624 29.199217 53.417966 -13.769531 67.285153 -13.574218 0.0 5.078125 47.265622 12.890624 9.765624 7.714843 -12.499999 -23.242186 16.699218 15.722655 49.121091
-49.218747 -71.582027 -1.5625 -27.246092 4.785156 -13.183593 26.367186 15.136718 41.894529 56.933591 16.11328 30.95703 21.093749 -4.101562 15.820312 40.429685 -3.808594 13.867187 18.945311 -13.476562 35.742186 -3.515625 29.101561 61.718747
23.14453 -0.585937 20.703124 -3.90625 14.453124 -24.902342 18.359374 -0.292969 22.851561 37.402342 18.847655 51.660153 17.968749 -5.957031 23.242186 44.824216 8.496093 5.566406 -2.539062 -12.890624 4.589844 12.011718 23.535155 48.046872
66.699215 49.511716 31.152342 18.261718 10.449218 -20.117186 2.832031 -2.050781 9.277343 38.378904 17.089843 62.988278 -6.738281 -24.316405 -3.027344 28.61328 21.484374 5.371093 -5.273437 -13.281249 -21.58203 2.441406 -3.710937 27.343749
6.347656 -6.25 7.519531 -4.492187 4.589844 -15.624999 16.796874 9.667968 35.058592 51.171872 -4.882812 59.277341 -8.789062 -12.304687 14.355468 40.624998 2.539062 3.613281 7.421875 -13.476562 -4.980468 6.933593 13.964843 46.484373
-25.878905 -35.546873 -8.203125 -12.207031 1.953125 -10.156249 4.492187 12.499999 26.464842 52.53906 -10.644531 40.136717 -0.976562 -8.203125 7.421875 47.07031 -2.34375 4.003906 6.054687 -10.742187 -3.90625 11.132812 11.914062 53.906247
-41.894529 -61.523434 5.175781 -15.33203 15.039062 -24.218749 14.453124 1.953125 14.843749 47.85156 -0.683594 28.222655 -17.578124 -24.609374 0.878906 32.51953 2.539062 7.8125 1.953125 -11.328124 4.785156 -32.324217 5.664062 37.207029
-42.968748 -42.968748 -5.761718 -11.328124 11.328124 -19.726561 3.320312 -2.539062 3.320312 24.511717 -27.05078 36.230467 -22.36328 -21.874999 -7.8125 20.410155 -7.324218 6.542968 1.855469 -12.304687 -29.785155 -11.425781 -9.082031 22.070311
2.246094 -3.222656 3.027344 -5.078125 9.082031 -18.847655 15.039062 8.007812 29.882811 49.316404 -6.835937 44.433591 -11.425781 -9.863281 10.058593 42.675779 3.613281 3.222656 14.453124 -12.109374 -17.382812 6.933593 10.742187 40.332029
-83.98437 -91.503901 -5.566406 -26.171874 11.914062 -19.824218 7.8125 6.445312 28.61328 45.50781 9.472656 21.191405 11.328124 -3.222656 15.33203 47.85156 -17.578124 -0.878906 1.367187 -12.499999 50.488279 -0.683594 32.421873 57.421872
-10.937499 -22.460936 7.128906 -2.734375 4.492187 -12.499999 12.792968 11.328124 36.816404 55.273435 -3.515625 42.968748 -11.328124 -3.808594 3.125 42.675779 4.199219 6.152343 11.816406 -12.499999 -15.429687 -5.371093 2.246094 43.457029
65.52734 36.132811 38.769529 2.34375 21.386718 -30.078123 17.089843 -8.398437 29.101561 43.359373 20.703124 38.867185 0.292969 -20.01953 9.082031 24.121092 22.36328 10.742187 0.0 -12.890624 -12.792968 -14.257812 3.90625 22.753905
-7.226562 -12.792968 2.246094 -4.101562 -0.488281 -9.667968 4.101562 5.664062 19.042968 38.964842 -35.546873 34.863279 -20.410155 -9.082031 -14.257812 29.882811 9.472656 12.597656 4.589844 -11.914062 -27.246092 3.222656 -18.45703 31.249998
1.660156 -11.328124 4.101562 -0.976562 5.664062 -15.722655 6.152343 6.054687 18.847655 47.460935 -18.359374 43.16406 -18.847655 1.5625 -3.710937 37.011717 9.082031 3.613281 1.757812 -12.499999 -21.972655 5.273437 1.5625 38.183592
-51.75781 -38.281248 -22.460936 10.058593 -18.45703 9.082031 -1.171875 36.132811 41.406248 73.33984 -22.070311 59.667966 -4.785156 31.933592 7.519531 79.101558 1.855469 14.062499 13.574218 -12.109374 12.207031 31.347655 25.48828 81.933589
-13.867187 -24.023436 9.863281 0.585937 11.718749 -19.824218 16.210937 -2.246094 27.636717 35.156248 19.042968 58.984372 5.273437 -20.01953 11.035156 24.316405 4.882812 0.78125 0.292969 -12.304687 24.511717 -17.578124 12.499999 28.417967
12.011718 -0.097656 5.664062 -9.570312 11.816406 -20.214843 27.734374 7.519531 36.035154 49.41406 -5.175781 37.792967 2.148437 -5.273437 13.574218 49.316404 3.515625 11.425781 6.25 -11.523437 -11.718749 28.417967 13.183593 51.75781
32.910154 20.117186 18.066405 1.660156 9.472656 -19.335936 3.808594 1.464844 17.67578 44.824216 4.296875 55.078122 -5.566406 -6.445312 -1.074219 40.527342 7.617187 -2.636719 0.78125 -11.718749 -17.578124 15.234374 -4.199219 34.179686
4.101562 -11.132812 4.492187 -9.179687 8.886718 -17.089843 16.796874 16.601562 35.156248 58.789059 11.230468 30.566405 2.148437 -5.273437 12.402343 52.148435 4.492187 7.226562 12.988281 -12.304687 6.835937 -4.589844 5.859375 41.113279
-24.023436 -24.023436 -9.082031 -0.878906 0.0 -8.105468 1.757812 10.937499 16.796874 47.656247 -33.496092 56.347653 -3.808594 -5.761718 0.976562 43.554685 -0.78125 6.835937 -0.78125 -12.695312 -21.58203 23.437499 5.273437 42.285154
-34.277342 -43.16406 0.0 -11.816406 1.074219 -11.523437 -0.390625 5.761718 15.917968 41.699217 0.488281 49.902341 -0.878906 -6.835937 0.195312 39.25781 -6.933593 -5.761718 -2.734375 -12.890624 4.785156 2.050781 4.296875 34.960936
-17.968749 -33.886717 0.878906 -12.011718 3.808594 -15.917968 4.785156 9.374999 16.308593 44.628904 8.300781 28.515623 -1.464844 -4.296875 -1.757812 44.238279 -1.5625 5.566406 3.808594 -13.867187 6.542968 -0.78125 7.8125 41.113279
6.933593 0.585937 3.808594 3.90625 -6.347656 -4.882812 -6.835937 17.187499 8.300781 48.925779 -1.367187 49.121091 -10.644531 0.976562 -17.187499 43.457029 10.449218 15.917968 14.160155 -13.085937 4.394531 1.171875 -12.402343 39.648435
5.175781 -4.003906 3.613281 -8.398437 2.539062 -12.304687 20.996093 47.460935 47.85156 98.437495 -9.277343 38.671873 -21.386718 30.566405 12.304687 162.01171 6.542968 14.746093 54.687497 -12.304687 -21.874999 -31.054686 176.074209 207.031239
-24.902342 -42.38281 9.082031 -14.062499 9.765624 -20.410155 20.703124 -3.027344 22.949218 19.824218 -26.171874 9.765624 -30.371092 -19.23828 -20.507811 16.796874 5.566406 19.042968 3.90625 -13.281249 -23.14453 -20.605468 69.335934 17.773437
28.906248 16.015624 15.624999 13.281249 3.125 -13.476562 -11.914062 -1.953125 -22.460936 20.214843 -7.617187 64.355465 -9.374999 22.167968 -22.949218 35.546873 11.132812 7.421875 -8.398437 -14.648437 -4.003906 32.714842 -8.886718 37.499998
65.624996 59.472653 18.749999 34.472654 -7.617187 -3.125 -8.203125 6.152343 5.664062 42.675779 -15.429687 55.957028 -41.894529 3.320312 -33.691404 32.617186 32.226561 17.187499 4.589844 -13.867187 -39.648435 -2.246094 -46.777341 25.585936
57.128903 29.785155 24.218749 14.160155 6.25 -15.820312 1.464844 -7.128906 0.878906 23.730467 11.523437 50.97656 -7.324218 0.097656 -11.230468 16.89453 15.722655 1.074219 -4.980468 -11.914062 -7.421875 1.855469 0.195312 6.835937
29.101561 26.464842 11.230468 17.480468 -0.78125 -8.691406 1.5625 2.050781 21.58203 37.69531 1.269531 64.74609 -16.601562 6.542968 -5.078125 33.398436 9.863281 -1.855469 3.90625 -10.351562 3.320312 16.308593 7.714843 25.48828
9.667968 17.480468 8.105468 22.167968 -2.636719 -6.054687 2.441406 5.46875 7.519531 32.617186 -2.050781 70.605465 -20.01953 9.082031 -18.066405 36.621092 12.499999 8.398437 3.515625 -10.742187 -9.472656 24.902342 -2.539062 23.828124
54.003903 11.230468 46.777341 -16.015624 27.83203 -37.499998 20.703124 -17.871093 6.835937 18.066405 70.99609 -25.292967 8.496093 -44.921873 6.445312 -3.027344 14.941405 10.351562 7.324218 -12.304687 41.503904 -72.949215 -1.367187 -15.234374
-0.488281 -3.222656 -0.976562 18.066405 -19.433593 8.789062 -3.125 29.101561 21.289061 51.855466 0.390625 49.511716 -13.964843 12.011718 -12.695312 48.63281 1.269531 8.300781 20.312499 -12.304687 21.484374 19.921874 20.996093 33.984373
-97.460932 -72.55859 -34.472654 -1.367187 -10.839843 0.195312 17.480468 29.003905 44.531248 58.984372 -32.128905 51.953122 -17.187499 15.234374 8.007812 55.66406 -23.14453 7.910156 4.296875 -13.085937 20.117186 27.441405 11.035156 50.683591
15.917968 9.082031 7.128906 -8.007812 2.929687 -13.769531 83.398433 56.835934 314.257796 379.296855 -0.683594 9.765624 -5.273437 -33.007811 34.179686 2.050781 -4.296875 7.519531 159.960929 -12.304687 -23.339842 -36.621092 26.953124 -69.726559
-14.843749 -12.011718 7.910156 6.640625 4.101562 -14.941405 -4.589844 -3.710937 -38.964842 -15.039062 -0.878906 50.878904 2.441406 18.749999 1.464844 31.347655 9.765624 12.207031 -11.230468 -12.695312 14.843749 10.253906 7.421875 16.796874
1.269531 -14.648437 21.58203 -16.992187 24.70703 -31.249998 15.33203 -13.867187 7.714843 18.749999 22.167968 32.324217 24.609374 -3.710937 14.843749 23.632811 1.660156 4.882812 -5.273437 -10.742187 31.249998 3.515625 -1.660156 18.749999
-38.671873 -2.734375 -30.859373 11.132812 -16.11328 6.640625 7.910156 24.316405 39.648435 58.984372 -29.296873 67.578121 -6.445312 19.726561 6.347656 53.808591 -10.449218 18.749999 26.074217 -11.718749 4.589844 34.960936 15.917968 46.093748
-3.90625 -17.773437 10.156249 -12.207031 16.699218 -26.26953 19.23828 -3.417969 37.304685 40.332029 15.136718 21.484374 18.359374 -15.624999 32.910154 21.679686 0.0 9.570312 9.277343 -13.671874 27.246092 -8.007812 33.593748 20.80078
35.644529 16.992187 31.640623 -7.421875 19.433593 -29.980467 12.792968 -12.597656 19.531249 25.097655 24.511717 31.73828 21.972655 -21.777343 18.359374 16.406249 13.769531 -0.097656 -8.691406 -13.671874 24.414061 16.699218 14.843749 9.179687
55.566403 54.296872 17.871093 26.757811 -7.8125 -1.5625 -2.441406 6.054687 15.33203 37.69531 6.152343 69.042965 -16.503905 1.074219 -22.460936 41.308592 24.804686 15.527343 6.054687 -12.695312 3.515625 23.730467 -16.308593 35.546873
21.874999 -5.957031 43.066404 -12.597656 27.05078 -36.132811 15.527343 -18.652343 11.816406 15.820312 31.542967 10.156249 13.281249 -41.308592 7.324218 12.011718 24.121092 19.042968 -6.835937 -13.085937 25.097655 -23.632811 -5.273437 0.0
3.027344 -8.300781 18.652343 -18.652343 11.035156 -24.414061 6.835937 -3.613281 12.304687 38.574217 -1.953125 18.945311 -17.578124 -42.773435 -3.222656 20.703124 7.421875 7.910156 6.445312 -13.671874 -8.789062 -27.343749 -17.382812 0.097656
10.351562 5.957031 21.093749 -3.613281 6.738281 -15.136718 0.390625 1.660156 6.542968 29.589842 6.152343 32.910154 -12.695312 -14.941405 -7.226562 25.585936 16.992187 10.449218 1.269531 -12.499999 10.546874 -11.328124 -17.578124 10.253906
13.574218 23.828124 3.125 10.644531 -8.886718 -2.539062 -0.390625 13.769531 16.796874 40.624998 1.757812 69.238278 -15.136718 14.453124 -8.398437 41.992185 5.957031 6.445312 7.03125 -12.695312 -17.187499 18.164062 -2.441406 27.05078
-8.984375 -15.527343 12.304687 -2.929687 1.5625 -11.621093 20.996093 17.67578 36.425779 59.277341 -6.152343 27.929686 -9.667968 4.6875 11.523437 42.773435 8.984375 11.035156 -5.859375 -11.328124 3.027344 1.269531 -5.46875 20.410155
29.39453 19.921874 17.382812 2.929687 0.0 -10.058593 -10.156249 2.246094 -10.058593 31.152342 14.941405 27.246092 -8.203125 6.152343 -10.839843 39.746092 13.378906 10.742187 -3.320312 -13.867187 6.25 29.199217 -1.074219 25.390624
-6.347656 25.683592 -25.097655 14.55078 -22.753905 13.378906 -8.496093 29.589842 22.36328 54.687497 -43.261716 58.593747 -36.035154 28.222655 -11.718749 60.546872 4.492187 9.082031 21.972655 -13.671874 -41.406248 36.621092 5.566406 42.773435
11.132812 -6.835937 28.320311 -31.054686 25.781249 -36.035154 18.359374 -3.515625 32.617186 40.234373 -8.691406 9.179687 3.222656 -9.667968 24.218749 28.027342 5.859375 0.683594 16.89453 -11.132812 16.601562 4.882812 20.507811 16.11328
20.996093 22.949218 7.03125 5.859375 -0.585937 -10.742187 -12.988281 5.957031 6.738281 33.789061 18.554687 56.640622 -1.074219 -0.976562 3.222656 41.992185 8.886718 -2.539062 -0.78125 -12.499999 20.80078 20.01953 11.621093 23.730467
-22.949218 -5.371093 0.585937 5.46875 0.0 -7.324218 12.988281 13.476562 37.499998 54.980466 -16.210937 58.398434 -7.8125 -5.859375 9.667968 51.660153 1.953125 7.714843 16.308593 -11.914062 -0.683594 29.39453 16.210937 34.082029
-65.039059 -47.85156 -32.226561 -19.726561 -11.523437 0.976562 33.398436 33.886717 41.992185 63.867184 -53.124997 30.371092 -38.47656 -5.566406 10.742187 60.546872 -15.820312 5.761718 80.273433 -13.085937 -28.417967 -7.519531 69.921871 25.781249
-3.808594 -12.304687 8.789062 -24.999999 5.371093 -15.820312 15.429687 8.984375 19.23828 40.82031 10.449218 28.222655 9.374999 -1.757812 16.210937 55.566403 2.734375 4.785156 17.578124 -12.695312 15.624999 -1.269531 15.33203 34.472654
32.617186 18.164062 5.175781 5.175781 -8.300781 -2.050781 23.339842 17.578124 23.92578 37.109373 -5.078125 62.988278 -12.988281 4.101562 12.109374 44.824216 7.226562 15.624999 27.83203 -13.281249 -0.292969 34.960936 320.996077 20.703124
-58.398434 -32.226561 -6.347656 -5.175781 -0.585937 -8.59375 12.109374 5.566406 20.507811 40.722654 -40.429685 30.664061 -26.171874 4.101562 0.292969 35.742186 2.832031 7.03125 17.578124 -12.499999 -22.656249 3.027344 -107.91015 11.035156
-45.800779 -58.496091 -17.089843 -46.777341 -0.585937 -7.421875 7.519531 3.222656 15.33203 36.230467 -35.742186 12.890624 -33.886717 -5.371093 10.351562 24.414061 -4.101562 -6.542968 4.199219 -13.867187 -30.664061 -4.003906 -44.433591 -2.832031
37.69531 43.847654 15.33203 -47.753904 4.6875 -13.769531 2.246094 -4.394531 3.90625 23.242186 -0.292969 33.691404 -5.175781 -20.214843 0.292969 16.89453 -0.585937 -0.78125 -3.710937 -11.718749 16.699218 -6.835937 14.648437 -21.484374
-31.835936 -29.687498 -3.90625 -31.640623 -0.683594 -9.960937 -8.886718 7.8125 9.570312 37.792967 -48.339841 29.785155 -31.542967 -2.34375 -11.523437 37.69531 4.492187 -4.003906 3.027344 -13.281249 -32.910154 4.003906 -30.664061 0.0
-60.156247 -63.18359 -12.109374 -24.999999 11.621093 -22.460936 17.382812 10.644531 34.570311 47.363279 1.953125 21.972655 3.515625 10.253906 21.972655 56.542966 -21.679686 -1.464844 -6.347656 -13.085937 32.617186 5.566406 45.605466 44.042966
158.789054 194.921865 50.19531 82.421871 -3.808594 -6.25 -21.484374 -26.171874 -25.781249 -15.917968 -6.835937 116.5039 -46.874997 -12.109374 -13.574218 -2.832031 53.222653 -2.929687 -56.542966 -13.671874 -133.007805 46.28906 270.70311 -38.574217
13.183593 27.148436 3.222656 -1.757812 -11.816406 4.589844 -19.433593 13.378906 7.421875 50.097654 -19.335936 57.421872 -27.929686 7.910156 -22.167968 41.796873 14.062499 9.570312 -4.199219 -11.718749 -14.257812 19.433593 -134.277337 -2.929687
-14.648437 -24.023436 7.714843 1.074219 9.179687 -17.968749 8.496093 -0.683594 20.605468 40.917967 -10.058593 31.542967 -14.160155 -13.281249 0.585937 21.191405 9.960937 12.988281 9.082031 -12.109374 -16.89453 -15.234374 -49.707029 -23.046874
7.226562 -1.5625 -4.394531 -6.25 7.03125 -13.769531 8.984375 -0.390625 28.906248 41.699217 -15.527343 39.941404 -13.769531 -4.101562 6.738281 29.785155 -2.539062 -5.273437 4.785156 -11.914062 -13.085937 -1.5625 -16.210937 -23.046874
-37.499998 -54.785153 -3.710937 -29.39453 10.839843 -19.042968 12.011718 5.078125 31.347655 43.359373 -8.984375 25.585936 14.062499 7.324218 19.531249 46.874997 -12.109374 -4.785156 8.691406 -12.109374 25.390624 16.503905 14.257812 5.273437
29.687498 25.781249 10.449218 18.749999 -0.488281 -8.886718 2.148437 8.105468 16.406249 37.597654 -10.253906 57.421872 -15.624999 4.101562 -4.199219 42.675779 10.937499 1.074219 7.714843 -13.085937 -16.015624 8.300781 -2.441406 -1.464844
-6.152343 -26.367186 10.839843 -4.6875 6.347656 -16.503905 9.570312 5.371093 23.046874 34.960936 20.117186 41.894529 2.148437 0.292969 1.757812 43.554685 -3.320312 -2.050781 5.957031 -12.695312 12.890624 4.6875 2.246094 -8.203125
-6.152343 -17.968749 5.859375 -24.999999 2.148437 -11.523437 3.90625 4.6875 18.847655 40.136717 4.589844 36.328123 -8.105468 4.882812 5.371093 40.722654 -2.246094 5.957031 4.394531 -12.890624 10.644531 2.636719 7.519531 -1.171875
51.464841 54.394528 17.285155 28.906248 7.617187 -18.261718 5.664062 -6.933593 8.886718 23.535155 -10.449218 70.800777 -10.546874 -0.878906 -3.320312 23.828124 8.886718 3.320312 -3.320312 -12.695312 -44.335935 15.820312 -6.347656 -19.042968
-23.632811 -32.51953 0.097656 2.34375 8.007812 -17.187499 6.25 9.570312 23.632811 48.437497 6.835937 34.667967 7.03125 5.078125 4.492187 47.558591 7.617187 7.128906 4.785156 -11.914062 14.55078 -1.367187 10.839843 1.074219
60.83984 73.33984 17.773437 29.296873 -1.953125 -6.25 3.222656 2.929687 16.89453 40.429685 -34.277342 78.320308 -44.921873 -0.390625 -15.917968 35.253904 26.074217 6.445312 6.738281 -12.695312 -51.367185 23.242186 -23.242186 -4.003906
4.003906 -17.67578 14.160155 -12.207031 10.839843 -20.410155 22.753905 2.34375 29.882811 41.894529 24.316405 29.39453 16.11328 -14.453124 16.796874 31.152342 -6.542968 1.464844 10.839843 -11.718749 18.359374 -7.617187 6.640625 -1.171875
24.902342 12.988281 11.621093 11.425781 -4.882812 -3.90625 7.714843 6.738281 28.027342 41.308592 16.796874 57.324216 8.789062 10.156249 20.703124 53.417966 6.933593 -2.929687 6.347656 -12.695312 21.874999 34.374998 18.261718 9.374999
-16.992187 -19.140624 0.878906 14.257812 -6.445312 -2.148437 16.601562 14.257812 31.933592 44.238279 -4.199219 58.105466 -4.6875 10.644531 8.300781 42.480466 -3.515625 4.199219 14.062499 -11.523437 -1.757812 -47.558591 -3.320312 -2.148437
-0.097656 -5.46875 11.718749 3.710937 3.320312 -13.281249 25.097655 12.011718 26.562499 36.425779 8.105468 57.812497 4.296875 -10.253906 17.285155 34.374998 -3.808594 12.988281 17.773437 -12.499999 10.253906 3.027344 4.589844 -4.882812
-1.074219 -4.296875 -2.539062 -0.195312 0.585937 -9.472656 25.292967 23.339842 51.074216 64.550778 -5.957031 47.85156 8.496093 14.55078 31.835936 66.992184 -8.789062 6.25 29.882811 -12.695312 3.710937 32.910154 27.83203 32.128905
-42.773435 -44.72656 -11.816406 -17.285155 4.980468 -16.89453 2.539062 4.394531 18.652343 43.847654 -9.472656 26.074217 -6.738281 8.007812 12.207031 49.41406 -22.070311 -8.300781 1.660156 -14.453124 7.421875 2.441406 17.285155 18.359374
-35.156248 -36.132811 -6.640625 -22.753905 -1.171875 -9.863281 -1.5625 7.226562 4.882812 35.253904 -0.292969 29.882811 5.371093 5.566406 0.195312 43.359373 -7.714843 0.195312 -7.128906 -13.281249 18.945311 -5.46875 20.312499 11.816406
-19.433593 -12.695312 5.859375 -8.203125 -5.273437 -6.25 -2.148437 7.617187 8.203125 37.890623 0.878906 52.441403 -6.640625 3.320312 -11.718749 34.765623 1.660156 6.347656 6.347656 -12.304687 -3.125 -5.566406 -2.441406 1.464844
87.402339 95.507807 15.136718 36.035154 -10.351562 0.683594 -17.67578 7.519531 -1.855469 33.691404 -31.347655 74.609371 -59.863278 0.195312 -39.355467 24.70703 25.683592 17.089843 2.246094 -12.304687 -74.218746 8.984375 -43.261716 -8.203125
0.878906 3.125 5.859375 5.664062 3.027344 -9.960937 4.003906 9.667968 17.871093 43.359373 -9.374999 67.480465 -4.492187 6.835937 7.128906 55.761716 13.183593 5.761718 5.957031 -11.914062 -4.101562 29.003905 5.957031 23.339842
25.195311 9.863281 19.921874 0.683594 8.886718 -17.187499 18.652343 1.855469 31.933592 43.94531 10.449218 46.093748 12.597656 -1.757812 22.656249 42.089841 12.402343 7.226562 10.644531 -10.937499 12.695312 13.574218 24.70703 13.085937
-26.171874 -3.222656 -23.14453 9.472656 -5.371093 -3.417969 11.718749 20.01953 23.046874 56.738278 -18.261718 56.249997 0.195312 15.527343 8.300781 66.30859 -15.722655 7.617187 15.722655 -11.718749 -9.472656 20.898436 18.945311 30.371092
-58.984372 -67.285153 -1.367187 -16.601562 8.105468 -18.359374 17.578124 4.101562 24.999999 35.156248 -15.429687 16.992187 -5.957031 -16.89453 14.355468 41.308592 -3.710937 11.816406 13.476562 -13.085937 18.164062 7.910156 10.156249 12.402343
50.390622 2.148437 47.07031 -17.773437 34.765623 -42.089841 9.765624 -33.984373 -15.429687 -6.054687 54.296872 16.503905 34.374998 -38.085935 11.718749 5.273437 4.492187 -3.027344 -27.343749 -11.328124 26.171874 -35.156248 5.078125 -29.980467
-55.957028 -34.277342 -15.917968 -5.761718 -9.960937 0.195312 4.296875 17.871093 23.730467 46.386716 -10.546874 53.808591 -22.558593 1.171875 -8.300781 59.277341 -11.425781 3.808594 14.941405 -12.109374 5.957031 10.351562 10.839843 21.679686
11.914062 4.785156 19.726561 3.320312 6.445312 -16.992187 10.351562 3.027344 27.636717 43.261716 15.429687 43.847654 7.324218 6.933593 18.261718 52.246091 3.515625 -2.539062 -5.566406 -12.890624 19.335936 10.644531 23.92578 21.874999
21.874999 15.624999 15.039062 2.539062 -3.222656 -9.667968 3.90625 8.398437 19.824218 38.47656 -1.171875 57.910153 -4.6875 4.199219 7.226562 47.558591 5.273437 1.074219 2.929687 -13.085937 0.292969 17.187499 31.933592 19.824218
35.351561 14.648437 18.359374 -12.304687 4.003906 -11.718749 6.933593 -1.074219 11.230468 32.714842 14.843749 40.136717 -1.855469 4.003906 7.714843 36.035154 13.085937 6.054687 -8.007812 -11.914062 12.890624 12.109374 20.01953 0.488281
0.878906 2.832031 17.480468 6.054687 4.492187 -12.792968 12.304687 -1.660156 16.992187 34.667967 10.937499 56.152341 1.269531 2.636719 13.867187 33.496092 10.058593 3.613281 -1.367187 -12.695312 22.558593 2.34375 20.01953 13.867187
7.226562 -2.441406 8.886718 -3.808594 2.441406 -12.109374 -1.464844 5.859375 11.425781 30.566405 5.46875 43.554685 0.195312 6.445312 8.789062 41.699217 8.300781 2.734375 -3.613281 -13.476562 10.156249 18.066405 14.453124 8.300781
-11.523437 -6.640625 7.910156 -11.621093 -3.90625 -5.175781 9.863281 10.253906 26.562499 43.749998 -7.617187 29.785155 -13.085937 -12.597656 2.246094 34.667967 7.03125 12.109374 15.429687 -13.281249 -7.128906 -1.5625 -3.417969 2.050781
-16.308593 33.789061 -28.808592 20.214843 -32.421873 23.632811 -5.175781 44.531248 30.078123 65.52734 -48.63281 74.023434 -44.628904 16.11328 -22.36328 76.660152 5.46875 26.464842 31.73828 -12.304687 -54.394528 30.468748 -8.105468 28.906248
-15.429687 -23.242186 13.476562 -27.636717 15.624999 -25.292967 24.511717 1.5625 34.765623 45.800779 20.214843 22.070311 17.187499 -14.160155 28.808592 41.015623 8.398437 7.226562 9.863281 -11.718749 21.093749 -0.390625 25.195311 10.058593
5.859375 -4.785156 11.816406 -0.488281 4.003906 -14.355468 6.933593 6.347656 24.999999 46.484373 5.078125 29.785155 -1.367187 -8.984375 9.863281 45.996091 -2.34375 8.007812 8.007812 -12.109374 5.761718 -4.589844 37.499998 -2.441406
-3.125 9.082031 4.296875 -9.472656 1.5625 -11.621093 11.523437 5.078125 30.273436 45.605466 -11.230468 46.28906 -11.914062 -0.488281 10.058593 36.718748 -4.296875 -0.390625 8.496093 -13.281249 -10.253906 14.55078 11.230468 17.968749
-20.80078 -16.89453 5.078125 -7.519531 5.273437 -11.621093 19.335936 5.273437 34.277342 48.242185 -12.695312 28.808592 -11.230468 -0.976562 7.421875 38.769529 4.6875 19.335936 21.972655 -9.570312 -9.570312 2.050781 4.394531 14.160155
72.851559 54.785153 23.437499 12.792968 -0.195312 -11.035156 9.863281 -0.390625 8.398437 26.757811 -11.718749 46.484373 -34.179686 -8.496093 -18.45703 23.339842 17.871093 14.257812 7.128906 -13.476562 -35.156248 -3.808594 -24.804686 -16.406249
16.89453 17.285155 4.6875 21.58203 -0.292969 -8.886718 -5.761718 3.320312 7.128906 30.468748 2.832031 52.148435 -0.488281 9.179687 0.488281 35.839842 11.230468 1.074219 -0.292969 -12.499999 -2.636719 16.796874 11.035156 14.355468
9.082031 -7.714843 12.402343 -3.613281 12.109374 -20.410155 2.929687 -7.226562 6.152343 29.39453 6.835937 22.753905 3.417969 -18.359374 5.273437 19.531249 1.660156 -0.585937 -4.6875 -11.914062 12.402343 -11.035156 19.531249 -10.253906
-10.351562 -20.312499 10.742187 -8.789062 6.152343 -16.210937 17.187499 1.953125 25.292967 40.234373 -4.394531 10.253906 0.488281 -1.269531 15.527343 35.253904 4.785156 11.816406 13.574218 -12.304687 2.539062 -17.67578 14.941405 1.5625
