2.695762948223130895e+00 9.972055925722256298e-03 3.135171187280825222e-01
1.712688373306044287e+00 3.363296734696273882e-01 2.749648107781397788e-01
9.721909439851604828e-01 2.143350396027982274e+00 7.478328993527121327e-01
-1.906895696593905232e+00 1.067703004314717180e-01 2.277658951222351624e-01
-4.708156079549382089e-01 -1.429085003312183355e+00 -5.467438915966799096e-01
-1.185968377371236393e+00 -4.730429839823846461e-01 8.872216014949702023e-02
-3.303055703545064059e+00 -1.499361835591609626e+00 -7.127257918400866643e-01
3.928585667011468829e-01 6.609048059995979996e-01 7.329019674179826360e-01
-9.281733904178773864e-01 -5.500208853210157844e-01 1.159076711199535925e-02
-2.323853059118331288e+00 -2.517667109350791410e+00 -8.631338600555187313e-01
-9.364424993348714477e-01 -3.795946866883205262e-01 1.590977296694532361e-01
1.945467585712836067e+00 -8.918299538253865455e-02 -1.240650082822173789e-01
-1.367107107900800145e+00 -1.427636974732746644e+00 -3.114972532752752210e-01
-3.085740310734538916e+00 -6.915466835554522351e-01 -9.258614061161161146e-01
-1.145942234900523937e+00 8.288252675396651226e-01 1.138436836503153582e-01
3.020685640951674689e+00 -5.319017543676807236e-01 -9.370021148257096089e-01
1.363452647658257355e+00 1.510796852560112757e+00 2.360774202426176860e-01
-7.386705703605906947e-01 -2.268594213139617288e+00 -1.049066891300314497e+00
-4.825943481055666062e+00 -5.701333790150256986e-01 -3.961849100934993761e-01
-4.634228291103330566e-01 -1.167416644608588072e+00 -3.640119940319008762e-01
-6.819866207389737589e-01 -1.920371168557224451e+00 -1.104018837013548859e+00
-4.350041929438058091e-02 2.719337245541845416e+00 1.141082242925054224e+00
-2.505292254022656318e-01 7.282239019974089123e-02 -3.218599304253858540e-01
4.747146224903832368e-02 6.550246118655149719e-01 2.098487400554069349e-02
-2.950421280312125916e+00 -7.832220200039206048e-01 -3.974567206820901477e-01
3.199197665329981177e+00 3.011004523204703354e+00 1.043350916669606443e+00
2.053678391659141234e+00 2.684820518422983859e+00 9.814953818727681911e-01
-7.625679447689109880e-01 -3.858851474945369509e-01 6.049690819791350704e-02
-2.231518220217910020e+00 -1.283577940550586938e+00 -4.077779288965256432e-01
3.415195656162283822e+00 3.469853543457493306e+00 1.680086762220266650e+00
-1.319093517083806510e+00 -1.126229821774186401e+00 1.100671952981840951e-02
2.145916157211239517e-01 1.684547721849970481e+00 7.798061363552154512e-01
2.655092806124815574e+00 3.478401614918865903e+00 1.614709719192338522e+00
-4.206064266702607690e-01 -8.879968491664943508e-01 -9.403252585601624691e-01
3.048222828805294160e+00 3.179357320354824878e+00 1.555612065744660599e+00
-7.021633617200626065e-02 9.823490429230370413e-01 5.753070545212023434e-01
-4.270956493032530332e+00 -2.997046328016007788e+00 -1.267171196780056963e+00
2.145223227002492628e-01 -6.512096236516867753e-02 5.030249431784942216e-01
1.103396259560871728e+00 4.447992508857168126e-01 -2.419144232101960168e-01
2.014061807641791990e+00 2.005978459163197059e+00 8.559004265393943545e-01
7.562796985492798996e-01 7.190908547700778364e-01 1.974984188232268567e-01
3.174638519135782211e+00 6.852152030205520550e-01 2.854062896338847577e-01
2.290693422175597238e+00 7.437411949216518048e-01 1.032450711425417778e-01
2.676281771299216850e+00 1.055533192805022891e+00 3.734941900910899726e-01
-3.400295738024564085e-01 9.799333265141878524e-01 5.118105159171966179e-01
1.531505563174923479e+00 1.380087942452432159e+00 4.667656529537357324e-01
-9.128747555912417599e-01 -1.287391850303529539e+00 -1.326457234944005581e+00
5.417616766773526438e-01 1.127935345726429839e+00 5.855686631299230616e-01
1.126241641546987526e-01 -7.039873033634412858e-01 6.065560346909970590e-03
1.032457068782106413e+00 -4.628658966054619017e-03 2.251117724806202258e-01
-2.042168988135279584e+00 1.091802024497040113e+00 3.959775972600126925e-01
3.348615952819541608e+00 2.310908592156432295e+00 7.667695423457556725e-01
2.152176636113513342e-01 -3.243815157206952904e-03 3.029895884562523456e-01
5.165978775798872880e-01 3.402344345991351604e-01 -1.328464587647951167e-01
2.403292041492328224e+00 -1.628980791428971342e+00 -5.155422255622927885e-01
3.245035246982788557e+00 1.662652162308869697e+00 6.159543468430066504e-01
1.070300846492396873e+00 6.344395414051672288e-01 7.203354314222797372e-01
-1.344442064402057824e+00 -5.512441676747548147e-01 3.797596406961614712e-02
-1.557577933971701079e+00 -1.226181441279303952e+00 -8.773824783960028073e-01
2.826933291119083091e-01 2.735137107828331082e+00 1.157739608436514134e+00
1.709900528453795754e-01 -1.212394061440038806e+00 -2.639927599913021172e-01
-1.922670834866968548e+00 -1.166872112798417183e+00 -4.652966558650551421e-01
-7.495857795744415020e-02 1.190624542717492407e+00 4.953326073305641120e-01
7.898158142203350884e-01 -6.637945659205371496e-02 -4.592482652594190307e-02
1.578326653459708018e+00 -8.495656280404360883e-02 -2.115368521764255105e-01
1.287697037822433721e+00 6.969705315778362831e-01 4.587136787572383412e-01
7.413768146929440583e-02 -2.122887073735912011e+00 -7.202291383281926862e-01
-3.534284607749627494e+00 -1.919844063085440089e+00 -7.125179434695205760e-01
2.939814810347291640e+00 2.924740758538247221e+00 1.395798342953600502e+00
1.029066002208912423e+00 1.074256420693177727e+00 7.665609725667088536e-01
5.947552942476744819e-01 -9.220587523480425762e-01 -8.928447531619219113e-01
8.508808063511023034e-01 2.449018795577445062e-01 4.417321038280367373e-01
7.366701074547867822e-01 -1.879550539943977694e-01 -1.087907749105961192e-01
1.142669980897974780e+00 5.244708292856570253e-01 6.295383459043772945e-01
-8.888777794759199491e-01 2.151838907537965417e-01 3.489523592312493427e-02
-9.655318584391726633e-01 -9.446648606871637099e-01 -2.005376428211842199e-01
2.825199930905412771e+00 3.437529957261310276e+00 1.736232045106193889e+00
2.846025594655817059e+00 2.990210856123835192e+00 1.316142030607644564e+00
3.012455205144544568e+00 1.288085785785447746e+00 3.768093857761589671e-01
6.239877470303679674e-01 2.044751407453789582e+00 6.598005606953226687e-01
4.849034846133069010e-01 -1.185885380648715515e+00 -1.728378358306862372e-01
-2.904835062937312529e+00 -2.195649309585659736e+00 -8.916155923527786520e-01
-5.015710992744021324e-01 1.257850378628190269e+00 8.040396789891616214e-01
1.499801697336089701e+00 1.481556019405197988e+00 7.154508375853684266e-01
-3.138454543223123228e+00 6.238192486349354304e-01 -1.607067678314720860e-01
4.234153777987391676e-01 -1.779012045714589041e+00 -7.717284491820174397e-01
9.466228472296198682e-01 -5.290242388079728908e-01 1.817809852838586093e-01
2.269928483385470486e+00 -2.574699930091004507e-01 -7.700911042753225133e-02
3.220473380075223435e+00 1.159998580021239123e+00 8.828941870816242599e-01
-3.493414687432317978e-01 -1.142239010076306349e-01 8.948153210899428833e-02
5.048023859554380544e-02 1.359631932820191791e+00 2.286892683064307707e-01
-1.205361150378807089e+00 -1.030155772255647806e+00 -4.874880019296450318e-01
9.602175086520646774e-01 1.151378603876064721e+00 7.425912146085655863e-01
-8.644021891646674893e-02 7.403388265497579113e-01 -4.839067472472274867e-02
2.068118747456889395e+00 1.924298097697652032e-01 1.246449750636219184e-01
2.148599973485723513e+00 -6.232634392424268865e-01 1.939507384988798933e-01
-1.103427771224787302e+00 -8.990003952131642162e-01 -3.491605437258655797e-01
2.307393985683025672e+00 1.470215122068222025e+00 6.862487454343551008e-01
3.667462210865710115e-03 1.942563565570957440e+00 4.017559803993576706e-01
3.477893550312076698e+00 1.917183268117970130e+00 1.278264101879337700e+00
5.574797774224455882e-01 1.148061221782848751e+00 5.527830956437473908e-01
-2.414817945865145532e+00 -1.043825333674646139e+00 -6.258075133050602368e-01
2.223727537251543040e+00 -3.243370454969624617e-01 -6.310524629582014988e-02
4.766447082913888855e-01 2.764200090537427545e-01 6.499715478283868419e-02
-2.380579136419716857e+00 -4.107557409433602036e-01 -3.431199190951769729e-01
-4.766889043340458154e-01 2.023634881853255685e-01 -1.859870823958600372e-01
9.925794136081549368e-01 8.969856798069397730e-01 3.094536968396535692e-01
1.018168045603882854e+00 2.859268666259165426e-01 -1.115413288644900303e-01
1.315206270197644134e+00 7.685412917255237675e-01 3.932119310836204029e-01
3.779769746052882962e+00 1.070234320472143619e+00 6.499748294074920718e-01
1.746821577839273720e+00 1.573589209879021344e-01 3.698376267928499828e-01
1.929099763108008680e+00 -1.600621702104651489e-01 -2.614572880714652880e-01
-8.078607028635924614e-01 -9.209253667107564212e-03 5.309968309074954984e-01
-3.515144512539664312e+00 -1.222084042540096283e+00 -4.511807448434880241e-01
-3.920929173419331892e-01 -1.238959831874355766e+00 -1.665626463294851423e-01
1.670986826944089954e+00 3.221353871308714201e+00 1.623180852549363173e+00
1.530216718658192310e+00 9.386909041189901715e-02 2.639700905259752539e-01
1.137751236053417409e-01 -1.004114909618772922e+00 -6.010351113687180113e-01
2.647524267341245241e-01 -1.370563458884783925e+00 -8.564261747044927819e-01
8.986433829751757640e-01 -2.566628181322437585e-03 -6.485163584845930751e-02
8.874598520273430102e-02 6.714143019125136114e-01 5.173530302075222131e-01
-4.389086420402692923e+00 -2.517161443406445098e+00 -9.753582938360783050e-01
1.239173535858944630e+00 -1.459607745577547355e+00 -8.344824345316296244e-01
3.195298874597526595e+00 1.646031891093981070e+00 1.059185334966233238e+00
-4.927490181453835660e+00 -4.751586027322288741e-01 -4.943178041419169499e-01
2.606977440250534683e-01 -3.447324822713552228e-01 3.991134799412321410e-05
1.208571502997323410e+00 1.147556656871596470e+00 9.353584090505906445e-01
8.939514443497240670e-01 -8.482032865767048513e-01 -5.927856295193014713e-01
4.501778635742383905e+00 2.040611081835307372e-01 2.084558546597352624e-01
-7.189062778804130582e-01 2.031130738321661244e+00 4.631982802548285649e-01
9.846086679542792597e-01 -1.908116862685942938e-01 -2.982120083353954065e-01
-1.104081595872693944e+00 9.280215703140746175e-01 4.832186241613517508e-02
2.534298959249575489e+00 1.026865137313612841e+00 7.418428697106278502e-01
-2.785136412778453918e-01 7.177026169415429147e-03 2.880732069349905000e-01
1.805558894379999613e+00 3.105567052583413368e-01 2.647881014143274592e-02
-7.995558509316144091e-01 -6.329942941015123115e-01 -1.851410908157314350e-01
1.434334008196919363e+00 1.206508148295744709e+00 3.281666066012582927e-01
1.604134521325234208e-01 -6.895541336149373091e-02 -9.475620613083367630e-03
1.828018016174784988e+00 -7.920671312281302168e-01 4.395386113709182641e-01
2.080113465946142881e+00 1.709997977666679381e+00 9.135154319216411967e-01
1.924380855778006216e+00 9.414418132288744356e-01 8.384514492371386574e-01
1.906494723204717134e+00 1.848649181196846403e+00 7.542185730929155119e-01
3.831795689197570742e-01 -3.211407995494967027e-01 -3.114664051307525772e-01
2.504979185525250784e+00 1.589889704165088125e+00 1.241485916396023681e+00
-1.801032734075164177e+00 4.488598798674430235e-01 1.016055013251859485e-01
-6.352664250559247883e-01 3.658673315967031492e-01 -2.367458105469157081e-02
1.988301709814340734e+00 1.789004151087132843e+00 6.993314391266568508e-01
-5.402358106783509140e-01 8.327646076950960818e-01 1.429946380507998160e-01
-7.677795391713910789e-01 4.217472300737437618e-02 1.113059627333514851e-01
-1.239178390732093238e+00 2.099418341783811925e-01 2.110492922679428895e-01
2.551318638850286202e+00 -6.958197219173588299e-02 6.896717339685075332e-02
1.022089922876323831e+00 -2.375746805845155851e+00 -1.019034289592794185e+00
-5.396827750337289398e-02 -1.597040136114059372e+00 -1.135286593546811051e+00
-3.942290272252519046e+00 -1.674275914369258045e+00 -1.122508841695351478e+00
-1.267642739404704511e+00 -3.567972080282830749e-01 -5.505380425837285152e-01
-1.929015356553868799e+00 1.020982362227071505e+00 3.829233615000773305e-01
1.309962784811949721e+00 8.325693569247863968e-01 4.200244595813411030e-01
-7.123837906012312482e-01 2.971704622550318531e-01 5.297812037304004962e-01
3.429129993300626733e+00 1.839175201069322974e+00 9.192226755833665663e-01
2.321107867296096749e+00 4.087146762015447798e-01 1.269470614527990482e-01
9.215932084338195329e-01 2.083977305151121673e+00 8.939213279390298972e-01
-3.789261411116531697e+00 -3.831970559040150381e-01 1.248219625476902905e-01
-1.444972460263868497e+00 -9.942127531270035234e-01 -5.720438968738195129e-01
1.039066979094536602e+00 7.988479943810632422e-01 5.253692109695572432e-01
2.189852137838383950e+00 1.157013996475446227e+00 5.660317088199903202e-01
-2.202514991921221910e+00 -9.593484214667316601e-02 -7.003445957776752162e-02
9.338108408251314385e-01 1.701679260919255476e+00 7.491557188113415755e-01
1.461744688846327467e+00 2.194252512471634109e+00 8.741355621733977177e-01
-3.850544853009270518e+00 1.088968238548479128e+00 -4.891363428667516722e-02
-4.794770175993836037e-01 1.061216864193177400e+00 9.170114636046140522e-01
3.742031555353923178e+00 9.992918032569846343e-01 2.562217063190063149e-01
-3.392724659721987557e+00 -1.325541876115039930e+00 -6.754655394001333191e-01
3.124159052627204503e-01 -7.012374864871552260e-01 -8.646551746939772354e-01
-3.214713155052352445e+00 -1.308972720507681098e+00 -4.025922056601297094e-01
-7.306179108782003828e-01 -5.596430907357700102e-01 2.257311507749844570e-01
3.466856641687283247e+00 2.299339100898099453e+00 1.379349901178715809e+00
-2.267641887925141153e-02 3.111538802724330699e-01 -6.033888136315059825e-01
-6.061748634895857135e-01 -1.040188658824182877e+00 -1.487408225725730615e+00
5.773767607776285615e-01 2.186652900057842963e+00 1.577573533416297025e+00
1.985251048965938958e+00 9.990346658533939550e-01 9.392912967312787575e-01
7.548991368147131009e-01 -1.477363297487086780e-01 -2.779982725818937184e-02
2.324219331233652042e-01 6.589568210618388377e-01 4.113339319488450441e-01
5.663622396131184900e-01 -5.320742943091671950e-01 -5.083714598831610143e-01
-2.258835065935421937e+00 8.989215871737061825e-01 2.305139497026273965e-01
-1.197989681162423770e+00 -8.363502001327134394e-01 -5.149906312388784491e-01
-1.943067578830245834e+00 -4.167733270204306173e+00 -1.544500136305300586e+00
-9.254445902499355836e-02 -2.134067864782015711e+00 -8.550041212826318127e-01
-2.446329868262123952e+00 -3.663913296092835004e-01 -3.865190004093669307e-01
-3.219946269799865313e+00 -1.510367417345377605e+00 -7.783618398035769825e-01
-3.283370694384289967e-01 -8.998884146417386320e-01 -5.274804764594531736e-02
6.619276149239172291e+00 2.072030411446828424e+00 1.112642101270029826e+00
-1.034635477766429279e+00 4.093229641658563400e-02 1.864196244779233180e-01
3.770770029627843467e-01 6.338996092229520762e-01 4.864656484347615328e-01
1.119793459709097494e+00 1.925119904252117764e-01 6.421262849857973798e-01
-3.260625821401332392e+00 -2.682055155092795129e+00 -1.195033222897131875e+00
-1.412996309233247594e+00 -5.561378588299198400e-01 -2.132310313733078444e-01
3.405082957347337125e+00 5.704484872251485150e-01 -8.061704851332074373e-02
-2.202377196791789782e+00 -7.568302994041503640e-01 -5.602289176081109989e-01
-2.507612838123696175e+00 -6.059563718675453625e-01 -8.807582646330103238e-01
3.279365908042566335e+00 2.788759995412001480e+00 1.124045881960756388e+00
-3.551657812228879330e+00 -1.085928593608312509e+00 -6.459784662177358028e-01
2.437369129398305745e+00 2.763542646845324136e+00 1.066051873682635209e+00
-1.619082220558066831e+00 -1.444679285402499014e+00 -3.044134370995525973e-01
4.096420210864800460e+00 3.362727453457427629e+00 1.681870406849411026e+00
6.689111783739301043e-01 -7.305356754166592026e-01 -2.703072982173047034e-01
-6.724415962896437282e-01 -4.468380516442458372e-01 2.699948214874835495e-01
5.268459562627916259e-01 1.148998538255345148e+00 7.116230170164383750e-01
9.140189815410564300e-01 -1.047887152922797105e+00 8.791309646536898947e-02
-1.948227621483270555e+00 -2.403135065520893288e-01 -1.020422746132606528e+00
-4.156223870902250317e-01 5.805935995442342012e-02 3.065072007375225782e-01
-1.534187945118842045e+00 -1.297536290362483857e+00 -2.860515983285244479e-01
-3.579278604031143063e-01 1.710279455814064598e+00 6.573421713809168843e-01
1.574737382064190228e-01 3.467555426004428204e-02 -9.674925659366245823e-02
-1.171098483469396184e-01 3.065751446680973213e-01 1.356641713333861521e-01
2.837498630862874016e+00 9.429155764706111109e-02 -9.510693365676634037e-02
-4.741606655157825506e-02 1.119135773494657204e+00 2.434275732499427969e-01
1.570250179792479939e+00 -1.224608099474026490e+00 -6.301315616330492864e-01
1.591466343457103472e+00 -1.424203855759356985e-01 7.050198856742828646e-02
-4.175949624545365335e-01 -3.433331884534107092e-01 -3.332292685095461504e-01
-2.922426921314244197e+00 -1.236872961906227530e+00 -6.897918058266505614e-01
1.688721125822122859e+00 4.902980545088626574e-01 8.727029365583423015e-01
-2.214367794793719479e+00 -1.564449730985163267e+00 -8.065938464699272670e-01
1.307586860253400762e-01 -1.299035066705021668e+00 -4.488661436738147215e-01
4.180957159474635532e+00 1.120518114828305434e+00 3.692963306702858883e-01
5.670606651700299539e-02 2.882109691727142931e+00 5.727594381996703454e-01
2.779221371297054155e+00 -6.265130412928028303e-01 -2.969331612568504308e-01
4.149829669737738480e-01 -1.290405530991892258e+00 -6.763673224810947682e-01
-3.617175365568217060e-01 3.184005782111417604e-01 5.366479372776521428e-01
-2.284252095443047637e+00 -1.834954169712486038e+00 -1.521538762771392772e-01
2.095711618672345455e+00 3.230967575219549359e-01 1.001195434435939724e+00
-2.204172277642389433e-01 1.266986000804975476e-01 3.706250898468069765e-01
2.157514732289758097e+00 1.896602344108532456e+00 1.113284200657470580e-01
3.649931892248027832e-01 -1.369892920573720030e+00 -6.317772003715965701e-01
-1.992287685712069933e+00 -2.976174399529663006e+00 -1.532840151084967406e+00
-5.656751146635380367e-01 -1.297137853026955501e+00 -1.419385259450314019e+00
-2.597517324696590801e+00 -8.442199722965181286e-01 -7.091584803491022271e-01
5.999147316994386525e-01 -2.142508066229055430e+00 -8.800845347285879416e-01
-1.776951962952467934e+00 -1.244769769854652708e+00 -6.934449310601628058e-01
-1.031874956933069409e+00 -1.191113309104858242e+00 -6.134696537213218948e-01
-3.192090798181887457e-01 -1.462276770966927764e+00 -6.555592780350586457e-01
-8.035168189962619278e-01 -3.196413553255874618e-01 -3.068752529193641276e-01
2.117792525655272318e+00 1.444450037446135537e+00 8.042438609043696118e-01
-1.700594007352610459e+00 5.585803214680711282e-01 -9.458040456546068508e-02
-4.436352757134705560e-01 4.595791677066236036e-01 5.052809852490063314e-01
-3.730748209284469930e+00 -1.618598393909768118e+00 -1.062916792489441598e+00
1.101432446119972042e+00 -1.076079193864848960e-01 -4.293698801510211771e-01
-8.093605949508487774e-01 7.657027527714571624e-01 1.748224092044406985e-01
-1.721340239962985352e+00 -4.099739046732310821e-01 1.044128288464901411e-01
-8.788918994758558867e-01 1.492333266262235725e+00 9.400844474419328689e-01
2.372120531419123601e+00 2.172369986281630805e+00 1.005208954812796485e+00
2.296285076363040023e+00 1.927681949932338767e+00 1.343767067649698888e+00
1.108461294296567479e+00 6.464328580607242580e-01 5.040864509826668005e-01
1.180425722004482481e+00 -4.147066534330466347e-01 5.495284668770264447e-02
-3.051181714249886490e+00 -1.465494014714523452e+00 -2.077845210133624221e-01
-1.240321943468211785e+00 1.333359089328621572e+00 8.317786554314311465e-01
-7.732718500514464965e-01 -1.595177410386984906e+00 -7.859625480374492490e-01
3.416530360155826784e+00 5.348793035632694037e-01 5.809431205744908233e-01
1.546846696191700676e+00 8.169673214895858404e-01 5.271505927471611397e-01
-4.060530491150025512e+00 -6.218736688821947522e-01 -4.782659969742533157e-01
-6.537077491125288242e-01 6.642076967939652965e-01 3.560987747496834332e-01
1.532552299704342147e+00 1.205947065635282200e+00 4.812307803686105556e-02
3.679501601589738158e+00 1.339344774534646509e+00 1.179510278317821736e+00
-9.994414375601684553e-01 -8.562699797381022604e-01 -2.394339662246812162e-01
-4.493666455362566037e-01 1.068593489450869183e-01 1.403075069146872966e-01
-2.572089389559662820e+00 -9.617963897762258352e-01 -6.041668295784791143e-01
-1.018055955904747734e+00 1.300626993377532958e+00 3.840652383494164712e-01
-2.273786763819443391e-01 -3.525981678889877347e-01 -1.176985071117944703e-01
2.731719311526519256e+00 1.128696834619331568e+00 9.564338997862237290e-02
-3.275719434242494454e+00 -1.411652957219083904e+00 -7.809778981992991920e-01
1.218305494872466976e+00 2.387923182519571252e+00 1.005217939861240639e+00
-3.334254542138648802e-01 -1.774684546648956474e+00 -8.669204275246530367e-01
1.581910884865509459e+00 3.929438511893926234e-02 1.275251821655132567e-01
-9.877033636034544539e-01 6.702124940817946186e-01 1.193342668155580599e-01
-1.885914877393583211e+00 -9.533641335600148703e-02 3.436796517508440285e-01
4.234377362480382878e+00 4.432165630527179268e+00 2.759158277102255585e+00
-1.169928775241715568e+00 -5.014320156266611761e-01 -1.392499765746166851e-01
-1.645431029032143444e+00 -1.664217223352648434e+00 -1.002818553809381674e+00
-3.288212468444509096e-01 1.279836428513346558e+00 7.177046910203126462e-01
-8.299880981264238233e-01 1.118215043422451371e+00 4.297545990007828332e-01
-1.040726639761572203e+00 9.269675692459877422e-03 1.017279303977429786e-02
5.421009613367963054e-01 1.173485644607414669e+00 7.024420350696016779e-01
-3.489005399824506526e+00 -9.419386696559479688e-01 -2.042220125769929617e-01
2.685020614350487111e+00 5.112153355906003949e-01 4.209082085060205092e-01
1.388959264489650236e+00 1.871446820052399040e+00 1.137745829377603712e+00
3.489773262612085869e+00 1.061312219408950597e+00 9.005636961615657299e-01
2.726229187912822205e+00 1.569374520922546257e+00 5.486051618917071604e-01
-2.739395104769985601e+00 -1.673373122279409264e+00 -4.633682211576537480e-01
2.740847921884105975e+00 1.777492746120974854e+00 1.481244998562396109e+00
-1.481586443724969726e+00 4.346324393133116359e-01 5.356210127067343452e-01
1.839346593152928255e+00 -4.858031295104332514e-01 7.870635931422390041e-02
8.151663497099763678e-01 2.000561065197559607e+00 1.459059062022908249e-01
-1.097120822859572797e+00 9.573579095923321347e-01 8.272624848952880861e-02
-4.789521207974531403e-01 2.176716563221351208e+00 8.572384562330269686e-01
2.623509945493097614e-02 -7.151025245240827388e-01 -4.919559724006294377e-01
1.697377327781771639e+00 4.619213416944154549e-01 2.834598669331669929e-01
-1.283257833231637335e+00 -1.110994417098059683e+00 -2.075313081549794991e-01
-5.489808448514489347e-01 2.313402771667078639e+00 1.048997949986239409e+00
4.891265308764089492e-01 8.181547358295055972e-01 4.404839058063091950e-01
1.620143204494570499e+00 8.037640295650798627e-01 4.832282437380944762e-01
-1.265527642216651039e+00 -2.275340614509987702e+00 -3.999827670510089916e-01
-6.822181576673033154e-01 -4.562409075265108083e-01 -3.880783120150544940e-01
1.311580898808802020e+00 9.739774451897416085e-01 8.085005201809325470e-01
-2.174358232699304505e+00 -1.824645441092805354e-01 -2.723937014348079000e-01
-9.872208588292702425e-01 3.424137924638658292e-01 -3.313977954972865958e-02
7.313691888890659909e-01 -7.225645390042647609e-01 -5.363755845572933945e-01
4.162111059691588344e-01 4.084480347970542713e-03 6.601043026107455969e-01
3.887162402036190123e+00 1.426103866213427551e+00 5.180522374796137086e-01
6.155051846304262497e-01 -7.404191232575735304e-01 -6.132003216286627811e-01
-1.351861425286505547e+00 -4.398664744338689481e-01 1.421732147472463681e-01
-1.967481895025485317e+00 -2.638636413886394028e+00 -9.420041527577426299e-01
-1.103299793010164009e+00 -1.258965510308601710e+00 -6.995553785567165672e-01
-4.354218965392182561e-01 -1.181735341866103406e+00 -2.173360530351204911e-01
-3.714989450247602409e+00 -2.786500940107057733e+00 -1.340101451994386794e+00
-1.754560217824600699e+00 -1.164100907383614381e+00 -6.562387210064010157e-01
4.417143913279701350e-01 3.291852930622954920e-01 4.972835832006489154e-01
-2.180507008107801514e+00 -1.037297440688691452e+00 -4.618154768876535643e-01
-1.570867487135593210e+00 -1.911488993675628745e+00 -7.321703074879770679e-01
-1.899220104390789921e+00 -1.484404509557176066e+00 -5.765413640735264078e-01
-2.327156534652090603e+00 1.111701107734077848e-01 -9.751352500947316204e-02
-1.867417405090488369e+00 4.709158460767645105e-01 -3.351150546688995147e-01
1.166812278392583835e+00 3.440585642199341931e-01 1.394995064829362974e-01
-5.779071305626048982e-01 6.407316061357903880e-02 3.410391824720256371e-01
2.041089511421028568e+00 2.295450441009689868e+00 1.197750666265457120e+00
-7.080266712468473722e-01 -6.338723662977667761e-01 -7.910584654330958809e-01
-2.100672529560834167e+00 -2.254613765307286855e+00 -1.462384572644030323e+00
-1.254890562473771398e+00 -1.464827274542742197e+00 -8.029577031167078882e-02
4.500041999396501069e+00 3.999776573205226615e+00 1.684601656349637544e+00
-3.232522174475023768e-01 -7.772575882861133545e-01 -1.226308465271798431e-01
2.459114099655660191e+00 -3.356324468278464312e-01 -6.960072303340254507e-01
2.810221933317328613e+00 1.101769370301340700e+00 6.248128356373012782e-01
-8.934589174743211570e-01 1.341208546699088622e-01 -2.943844988722550682e-02
-3.468195544002957487e+00 -1.141177288499049869e+00 -6.483337919621007250e-01
7.793183889315539181e-01 2.179957871610688436e+00 4.413448216763083964e-01
1.961540973179840108e+00 3.318267065675905014e-01 2.558552382936546410e-01
-3.515063877811878346e+00 -2.464921899565713836e+00 -8.820390452220734367e-01
-1.353421397375248469e+00 -3.999047581885616931e-01 8.750015110136208363e-02
1.799353242257449415e+00 3.465367354526496246e+00 1.063426538372607810e+00
1.215729412128588871e+00 1.749674303239498352e+00 1.982978533893031692e-01
5.141900278990094719e-01 -9.781723065506796599e-01 -1.162039806050949586e-01
-1.632303074905697496e-02 2.188638469645590723e-01 1.729981728094601157e-01
2.051825778171248782e+00 1.900391329731532936e-02 1.444061736064724544e-01
2.632121628724569895e+00 1.253163155384225069e+00 5.978341969489209262e-04
-2.837683801405344042e+00 -2.344268966618815231e+00 -1.196850867997075074e+00
2.565202635674187492e-01 -1.805996534400541309e-01 3.680870921167145315e-01
1.420002303976485969e+00 2.711793623919912799e-02 -2.373806975804480801e-01
5.124279074981029636e-01 1.370418538384717833e+00 3.111203933052373305e-01
-2.892283425873238278e-01 1.004621510971157372e+00 1.592822341423092425e-01
2.822220114798917212e+00 2.462703570457490887e+00 1.186846949710567589e+00
3.144899635266260596e+00 1.031741395027363062e+00 4.547265809030680006e-01
1.348140835417097394e+00 1.217282493886685302e+00 4.112360681789085648e-01
5.451776446472840654e+00 2.415510166449687190e+00 1.435354296280890729e+00
-2.374507577723336649e+00 -9.908393309747068889e-01 -6.914014507052002045e-01
1.473009449391135428e+00 4.159360331986922121e-02 4.373745282953132862e-02
1.485691264760571562e+00 3.755279059088167948e-01 2.306866913289553622e-01
2.371949091714737334e-01 2.214700274085646403e-01 2.315313129877995535e-01
-1.538762822150733678e+00 -7.173040576706412041e-01 -4.158787900989072139e-01
2.400919462760923384e+00 3.532569182349946768e+00 1.529032335410166255e+00
1.864728196217079415e+00 -3.010942520281286505e+00 -1.166951516648304210e+00
-1.258921539604775708e+00 9.224516260806088219e-01 4.126762847053861982e-01
2.029457633167557784e+00 8.528506738398765608e-01 2.936618428934052449e-01
-1.075668002229544173e+00 -1.445610167581438565e+00 -8.051219457882821118e-01
-7.901705669485497019e-01 -1.060906358424510199e+00 -7.530156945972229510e-01
3.041699388886849320e-01 -4.629966495855820652e-01 4.368069807276239724e-02
-1.735309314080956566e+00 -2.734102737081107293e+00 -1.351601489376105469e+00
-6.204464243293683623e-01 6.923153055472399675e-01 4.658697018277013768e-01
-1.405606772490279210e+00 -2.100834402029654324e-01 -5.425924928180069218e-01
-1.233229072947721328e+00 -7.135022711426022846e-02 -1.132017694460226154e-01
7.831875043315931206e-01 -6.873108174013123350e-02 -1.957840484856586960e-01
-9.269247172659124123e-01 1.001785719088823301e+00 -1.018710330027753352e-01
1.185714489292055251e+00 9.688427112526246665e-01 -1.284157119704437688e-02
9.905177630430564983e-01 1.118566650363215897e+00 9.121811890839970349e-02
4.167438332043956528e+00 1.467516232696975731e+00 3.060332632887343141e-01
3.348701939019100848e+00 8.222442154725793095e-01 1.383380768480625966e-01
1.513495059064722703e+00 -3.320296746235835705e-01 -4.927342862005871793e-01
2.640094997054765802e+00 1.923254610900255290e+00 1.297548217859084918e+00
5.097849683299172652e-01 -2.561985072056046087e-01 -1.250892802059663522e-01
-8.800114084380853408e-01 -1.753025971090936830e+00 -6.950279237537739796e-01
5.185007555818081926e-01 1.434931633156048270e-01 -5.034057013926931390e-01
-2.175025600218161159e+00 -1.235857515389878092e+00 -4.419415819267693557e-01
2.549215358499250073e+00 1.901802376538171968e+00 7.615932226287902562e-01
-1.190009875827861441e+00 -2.172231209360010740e-01 -4.994639340601589872e-01
-1.636948975107861193e+00 -2.550136237672851358e+00 -1.256261619747711000e+00
-1.858663885015872985e+00 -1.777289455670468366e+00 -2.671841400881651007e-01
2.488695169386662354e+00 2.793664379840874012e+00 1.401518326794887193e+00
-2.350932004563178468e-01 -4.880716218530024020e-01 1.159980679408810778e-01
1.493320804196416107e+00 -1.206791712925216142e+00 -7.358552295390605735e-01
5.993024564016137257e-01 2.121713846167039286e+00 1.140771950188608885e+00
-1.955007853806163043e+00 -7.965985337286562995e-01 -1.866277381819003989e-01
-2.003887207030587536e+00 -5.172531359895304881e-01 2.573757331812007720e-01
6.072925674425123654e-01 6.546443415315431613e-01 6.104564408999446634e-01
-4.856665704621899060e+00 -1.690487659345567328e+00 -1.478043574341952882e+00
-6.867890943063289511e-01 -1.741948022395281903e+00 -1.029748379091229404e+00
-3.130162083976395948e+00 -1.005919489622935509e-01 -1.549205062729760718e-01
7.079070458380581909e-02 2.860040153675031949e-01 -6.326568565118766141e-02
2.921437395075317855e+00 2.387321922877207570e+00 7.399168550653163479e-01
-2.733903634325745013e+00 -7.311234853759717156e-01 -6.874915827456751227e-01
2.434194389913484802e+00 3.004456259061083934e+00 1.681325787136955796e+00
-2.587427792032625629e+00 -2.993704595976448779e+00 -7.803558261104319715e-01
-4.494684476347203805e+00 -3.953396931255830360e-01 3.109757587913464238e-02
-7.896183439255462233e-02 4.258088168810544305e-01 4.446110316882445068e-01
-3.030694981063906668e-01 -3.319098456562902255e-01 1.521401840166293484e-01
-1.753191166769965559e+00 -3.798929741103503899e-01 3.406326057112682437e-02
7.916557135057699091e-01 1.222813540569650748e+00 5.768621071947273027e-01
1.166446214115814811e-02 -2.650801929568348259e-01 -4.472081908842518994e-01
-2.930568519409510131e+00 1.904221956116857184e-01 1.304132586630762924e-01
1.788091785187216898e+00 4.429038584582949412e-01 -3.070125171474616388e-01
-2.113535096361335075e+00 -2.235433928758851163e+00 -8.263917593898042480e-01
3.059889370139091680e-01 5.946608182670809484e-02 2.965424644425700418e-01
-9.448188500397006750e-01 3.756289153449881568e-01 4.994083776444797618e-01
-6.193553184765454578e-01 9.207980024893667181e-01 4.427700646154910658e-01
1.706241178794346780e+00 1.936692502547114891e+00 1.068172613739280852e+00
-8.202773315050112535e-01 2.829667790404074568e-01 1.328193030025739962e-01
-4.332305844390156313e-01 -1.531843371461653280e+00 -9.991420296756082786e-01
-1.565734784416951575e+00 -6.848719390758792880e-01 4.095065940388376013e-02
-5.376282284620153895e+00 -1.955971024765835287e+00 -6.041809738567776034e-01
-8.598688089917326804e-01 2.131294140292585848e-01 1.321244764071591582e-01
4.676479546527794184e+00 8.662390172124290189e-01 9.282247429655502424e-01
3.105874246944507533e+00 2.609994861308699399e+00 8.212357694221270599e-01
-2.828369173440847817e+00 -2.142255307905868378e+00 -9.592968970722515198e-01
-2.280190155644755468e+00 -2.211863734945123561e+00 -1.057335645019181314e+00
-2.756763197171744117e+00 -6.686508497470984302e-01 -3.168581669013286195e-01
-1.285508875788380356e+00 9.442149846276189917e-01 3.733303860034083432e-01
1.701995376100152280e+00 -1.257326011626329398e+00 -9.743177131930493839e-01
-1.592931294548332266e+00 -1.179432265674779989e+00 -6.327275773428719940e-01
1.382554532829991301e+00 2.773510865165310646e-01 -1.051166465325982791e-01
4.163490508797131340e-01 1.450361866009638456e+00 2.679015392842390986e-01
-2.817405670496620496e-01 1.500942462302123082e-01 -5.499974375230779478e-01
7.362828995343517757e-01 -6.810761655033641393e-01 -2.489612106776015188e-01
3.738361496132480255e+00 2.184260837402775213e+00 1.378616627802822681e+00
-2.071888505273156600e+00 4.588546164682608675e-01 -3.098895551602560139e-01
1.316032036161091989e+00 -1.217180278535227256e+00 -3.305522183149381399e-01
1.231843562243784884e+00 -4.386386856659513223e-01 -2.060086890445602115e-01
1.615727888535768653e+00 4.499301108989907649e-01 5.759035807978023502e-01
-1.609211547742879445e+00 -2.121505624206187601e+00 -4.301473663812526715e-01
2.385248585033969970e+00 6.301827196183955593e-01 5.649912780338819385e-01
4.325329392325307776e-01 -1.909675715491819803e-01 -1.674696893108447715e-01
-2.498103712687505862e+00 1.287740762080280821e-01 4.079273836580423751e-01
3.926110459602811242e-01 -6.458427413674037165e-01 -2.620932276381743864e-01
-8.307368434371444899e-01 -1.034711905879990290e+00 -5.921446359174192819e-02
-2.483938579485561182e-01 7.337359424955834930e-01 -1.036517866688213552e-02
8.393870864558323763e-01 -1.090934902742846657e-01 5.392726224937577362e-02
-8.941490443022596102e-01 -8.864841707781369040e-01 -4.932117428310358598e-01
-3.943933204386549374e+00 -1.356973549713828664e+00 -6.915976867666302486e-01
1.521535925720814530e+00 1.467294423560092875e+00 7.012701362021463991e-01
-2.974962472208302899e-01 -4.553676366344622251e-01 -3.411708730943694978e-01
-2.343955964221203114e+00 -2.015335647405977593e+00 -7.698240795707395057e-01
2.016202610615234647e+00 2.369915749639794011e+00 7.867948321389149902e-01
1.402142639960565207e+00 9.038430777949791883e-01 4.379920228237238478e-01
-3.942333195310737004e+00 -1.968687818611450258e+00 -1.396165348526567485e+00
7.182686736151618900e-01 -4.523332819067362731e-01 -6.842581731497747732e-01
-1.163775801816413491e+00 3.444094608174896321e-01 -8.860756676285322375e-02
9.882509270317352268e-01 1.293507213307171000e+00 9.270743750972298969e-01
-4.898160586064655847e-02 -3.676876586675295044e-01 -2.602513007034181758e-01
1.482986044483272647e-01 1.009846516579774756e+00 5.476716194949787786e-02
-6.825716320369045187e-01 -5.034610608598871773e-01 -3.902864425445276564e-01
7.222882597696402840e-01 -7.592790631679786628e-01 -4.993306564128102143e-01
8.047197598775172878e-02 -4.641430847401689652e-01 -5.656691447405877149e-01
5.830727473179826426e-01 4.377205123546382137e-01 1.588223300911856539e-01
-9.983243849910153345e-02 5.279855837106718630e-02 1.055711724150592834e-01
-3.745047807377222426e+00 -1.018073884598584167e+00 -4.581443470089874292e-01
7.710557238813443570e-01 -4.392057289772706430e-02 6.728783223221423970e-02
4.052061752565484731e+00 2.190697467798344178e+00 1.309666680841276687e+00
1.586782483036634162e+00 5.604677067265944057e-01 1.229281636329957739e-01
-2.092160780030936529e+00 -6.051619481016765612e-01 3.177891784265442499e-01
-2.685767873999223010e-01 -2.421723521508153398e-01 3.275356523169178913e-01
-5.412026997457859423e-01 6.381049413821580085e-01 4.033283414615512208e-01
-2.658557946296556729e+00 -2.922692729273016266e+00 -1.137005885935687743e+00
1.682651412033026928e+00 -5.362260108252556723e-01 -3.982909318119380870e-01
-1.781271865391459985e-01 -1.755503463105354323e+00 -8.768892031553523481e-01
-1.080126904528688314e+00 -1.601023716008421305e+00 -5.677241794464006341e-01
9.555180302416413918e-01 6.615153691511219680e-01 6.368720451376003178e-02
1.230680599632690830e+00 1.631675483606043198e+00 6.648525475784905492e-01
-1.982518217007311900e+00 -8.989548271408047686e-01 -6.144847227111620569e-01
-1.649853536490706984e+00 -9.451650133871359882e-01 -6.630738601256264131e-01
-1.970040989766368211e+00 -1.441437964492234547e-01 -1.815228206229363428e-01
3.897548373515484776e-01 1.488176287535230680e+00 5.057659216353609377e-01
1.705876239480745182e+00 8.359427481950103545e-01 2.388499608569290555e-01
-1.489194432097614706e-01 -1.277896451230649544e-01 -1.159220735590424656e-01
-2.905811164395200596e-01 1.231958700950623042e-01 1.651217178000445318e-01
2.787549410194283706e+00 7.733682015623697392e-01 6.629152439922814111e-01
-7.860808665955680841e-01 -1.511189835690287975e+00 -7.978892371387773519e-01
3.145972702442287328e-01 1.931680218472519917e+00 6.880327146155482687e-01
3.021647507500356156e+00 4.283155395525656495e+00 2.061212476430589469e+00
-2.255520576300641178e+00 -8.072706661853148447e-01 -7.191326956011603322e-01
-2.321867371703776772e+00 -6.904096963704454692e-01 -1.893666198651526023e-01
2.293224479624262013e+00 -8.250782105994569626e-02 -2.613703426518099171e-01
-3.773355301635112458e+00 -4.895008120910708804e-01 -7.986391399827525994e-01
5.265502882230329584e-01 2.483079643256565383e+00 8.151696812207629428e-01
7.411998380853824786e-01 5.096221638462833381e-02 1.656547739790838469e-01
-1.056946681088502427e+00 -3.517307747278836105e-01 -8.186175734306289087e-01
7.154458916914266942e-01 -1.204518282920673977e+00 -2.293971349368742751e-01
-3.323992401045758327e-01 -2.218752802034876237e-01 4.663057454858954287e-02
-1.604862855217068951e+00 4.293888276816150706e-01 1.453935626022713479e-01
2.384553937692870940e-01 2.076344322227840600e+00 4.161270834329856005e-01
2.937632834854460473e+00 3.421110788952611004e-01 4.341036320703735019e-01
-2.756079655629924297e+00 -9.563186308709019368e-02 1.892799619891709084e-01
-1.273782429529696669e+00 -1.228902008889675823e+00 -6.916575807619379512e-01
-6.641969132188704217e-01 -9.291974557733162499e-01 -6.112580893793345682e-02
-3.478203175211764364e+00 -1.984484679574343380e+00 -9.987740838930886378e-01
1.323931951354263559e+00 -1.350552971270678304e+00 -1.630095318760615974e-01
-6.183831184740474773e-01 2.598537963627241543e-01 -3.169351368041425920e-02
3.246036073847017089e+00 4.294696550912082245e+00 1.660968389186842975e+00
6.482644804067958511e-01 -1.123824863500438642e+00 -5.776349014473367571e-01
-1.319231324734721766e-01 4.617111771110741225e-01 4.708483868885888768e-01
5.869343068665165974e-01 2.290277386499129264e+00 9.616254525845486789e-01
1.346420874236921028e+00 -4.074719908147372838e-01 -3.362516141441231898e-01
6.256130854864412338e-01 8.329932866988137841e-01 -2.678516174013912954e-01
-2.169831478696269578e+00 -2.232136965101273240e+00 -6.849971299379308265e-01
3.764831868792783531e+00 2.779797247702421981e+00 1.842283526039639074e+00
3.941542931804630889e+00 8.168238516321398024e-02 1.159820595358880546e-02
-2.640750854408303372e+00 -1.780288692335620260e+00 -3.786213767838598199e-01
-2.260127590871652548e-01 -7.559216387390650382e-01 4.393750146517910737e-02
2.860824457316369696e+00 1.644037618555723945e+00 8.148521126335497300e-01
-1.127351499142448699e+00 -9.458774655398777265e-01 -8.062348772341710879e-01
1.246895300697025366e+00 8.795823910413088642e-01 5.266099432594509855e-01
-2.371163754371491184e+00 1.382750762219221219e+00 4.681852516249375706e-01
1.433278337628484334e+00 -8.434169392370111096e-02 5.471624888262627967e-02
3.292691752604424704e-01 1.496431147736741796e+00 7.792800536115829235e-01
7.009322935555843959e-01 5.322568340139778309e-01 9.209888974071966938e-02
-4.441205859791628185e-01 1.711103162160321434e+00 4.516447716878103646e-01
-1.913906332594673021e+00 -2.331804065155599570e+00 -6.117716227722220790e-01
2.650844925685841069e+00 1.882550230814991288e+00 1.004079095262985888e+00
1.739141037237408982e+00 2.057322009251028483e+00 3.872433634543918646e-01
1.030970832491056255e+00 -1.929626498950314517e-01 -7.212267531243892194e-01
2.119593741725315006e+00 3.585824195393606528e-01 -7.606535279072573763e-02
-5.947920625904119518e+00 -1.546674005197503643e+00 -4.068933125813938290e-01
-4.084521577251529756e+00 -7.953812256325492047e-01 -2.119236767574356750e-01
-3.972448005476289512e-01 -1.462977235121780240e+00 -5.610852906429972808e-01
-9.424328567784145960e-01 -2.785249040442259183e-01 -7.867192370706540538e-01
-1.298079346108736987e+00 -9.108375235236091383e-01 -7.798165040455268260e-02
-1.021392836310563296e-01 3.244296297950895469e-01 1.497915172118227667e-02
-3.395376687345086353e+00 -3.221525821687772240e+00 -9.092769228938540893e-01
3.107699087238806612e+00 3.444679976573054692e+00 2.231607236939453287e+00
-2.805264259344583344e+00 -1.178827615780521532e+00 -4.866959379481852199e-01
1.105755326823367524e+00 -2.578895987690453806e-01 -1.129716651271773786e-01
1.815567956486149548e+00 1.221173255043904282e+00 6.346222823489042764e-01
2.581743200442233821e+00 5.378449488897311115e-01 1.672777583318187933e-01
3.701313254670297037e-01 -3.291762299487363541e-01 -2.118145745892174303e-01
1.514868635776021932e+00 7.294540395402795974e-02 -5.249314719059903211e-01
4.583891547593611726e+00 6.116045282024960006e-01 7.120998703000630536e-01
-7.575289457431715334e-01 1.134112684960598832e-01 2.268769403712803112e-01
1.150258422086233301e+00 9.252054984923042680e-01 4.696834442266934473e-01
2.576128918674389645e+00 8.429265574905230318e-01 9.467867291126846885e-01
-2.238955515434246202e+00 1.364242329466813120e+00 4.105157833402862111e-01
-8.195087018652182087e-02 -1.375383703077190045e+00 1.898502878252039672e-01
1.128751505025174851e+00 1.696400733975999553e-01 1.025095045061955812e+00
-2.133673236217931368e+00 -6.698616371600254471e-01 -3.028099915660098507e-01
-4.599801573032694796e-02 -1.477112468995541938e+00 -5.214199869323000724e-01
-1.616368833603448074e+00 -1.543464855478967834e+00 -8.027934696592193831e-01
-3.752704581172250808e+00 -2.572048729827842273e+00 -1.118915919620503185e+00
-5.285102848245727403e-01 -8.152637042534114364e-01 -4.350852234096339588e-01
1.675917824369506370e-02 -2.970821377036330091e-01 -4.870530693684296808e-01
1.086281603299224241e-01 -5.834047555064226787e-01 -8.258908685864183585e-01
1.073344825336674857e+00 1.220629933473733053e-01 -4.950718301922935050e-01
2.939471179868226702e+00 5.920942022314372721e-01 2.780957032186107680e-01
1.013464915829128232e+00 1.272544290189201677e+00 5.535266655140737013e-01
-1.640723088524597362e+00 -1.545912375449680631e+00 -7.341408294441552629e-01
5.567486500365762536e-01 8.706427811943788508e-02 9.433271407610720194e-02
-1.838170912820352942e+00 -5.316519768345747687e-01 -6.613466270220502707e-01
1.993358293038431484e+00 3.868994522652364210e-01 2.004060348398095659e-01
-1.540628171537886892e+00 -1.922721570795225654e+00 -7.177083009302480665e-01
1.205515304644764196e+00 -1.336803130167186215e-01 -1.130891184262823174e-01
7.650156179064726558e-01 -7.283965861481711546e-01 -2.607209659521091960e-01
1.136735129320376458e+00 -1.663670297000569009e-03 2.102023159387792772e-01
2.661721163888410846e+00 1.108283298188872834e+00 5.157671153568237354e-01
1.068470954803565354e+00 2.346960357956205390e-01 5.201609514469884843e-01
4.614260507176344284e+00 3.286297892474740134e+00 1.722917750734285214e+00
1.120897215824786519e+00 -1.725069519035176580e+00 -4.976045226918289766e-01
-1.303389001159986238e+00 2.787628735419537401e-02 -2.331022480152975321e-02
1.850525228334358729e+00 9.257526644812970051e-01 4.084204254170002435e-01
1.019422538899681374e+00 3.343590946949288600e-01 -7.551548537879254619e-02
6.031640597749965416e-01 2.405541527689086578e+00 1.061319796130986148e+00
5.472137776690159106e-01 2.974570977895702462e-01 6.657582990966610659e-01
-1.724760760910490021e+00 -7.083759830994998952e-01 8.329573100502851712e-02
-3.474441915539820513e+00 -1.439839682402382692e+00 -7.111692393010565771e-01
-1.418728904612295005e-01 -1.785556778563440083e+00 -1.267744286244015361e+00
3.932596279163116826e+00 9.956107560946828583e-01 5.480168171033414914e-01
-1.328896618948218755e+00 -1.716109475456273792e+00 -8.221746896993853415e-01
-2.507902190607254056e+00 -1.526185629279599221e+00 -7.173999057956209624e-01
-1.927651444204556475e+00 -7.490433828864949684e-01 -9.291419528932276517e-01
3.084821911454830534e+00 2.864878222877263791e+00 1.329329805357159167e+00
7.693552688926794669e-01 -3.602284839981519105e-02 -2.076060462227994480e-02
-5.030537170871993702e-01 -6.052039783277024521e-02 3.939535891008940638e-01
-9.409410157701678656e-01 -3.060636726750244896e-01 -6.188391857716643019e-01
2.131015904746760725e+00 1.398313607502964961e+00 4.033702321090987253e-01
2.288321281231536108e+00 8.656801746201695513e-01 4.861870331971387960e-01
-1.131286665842291095e+00 -1.300741865103272499e+00 -3.115782935272763954e-01
-3.667398835035282634e-01 -3.113768208685792627e-01 -2.508301986595053990e-01
1.375752410564644146e+00 3.958704594680528821e-01 6.085985986031450246e-01
-1.893189730078088440e+00 -8.011786287288146235e-01 1.288338964903390504e-02
-5.180082275793880253e-01 -1.153638175890549178e+00 -3.018211827866250641e-01
1.758177598621172066e+00 1.894366947383227417e+00 1.100426380808005034e+00
6.878677022225405668e-01 7.833806868535940771e-01 2.401471727997713246e-01
7.185233249244551423e-01 -7.642554311496729813e-01 -5.765776758745272401e-02
4.008846521149623143e+00 3.569679930470161189e+00 1.654114687991549815e+00
-1.274526640702482450e+00 8.865145378554361022e-01 2.577672622693222282e-01
-3.845186275593483471e-01 1.996590971806108339e+00 6.293289116359978008e-01
-1.214840950420966514e+00 -8.645067844773266508e-01 -9.985286475391983441e-01
1.004948937716029445e+00 1.028298232884012231e+00 3.852189484445746048e-01
-4.202312841084238748e+00 -1.506412973459732241e+00 -4.379058082190732670e-01
4.592792899704815635e-01 1.409157602060602699e+00 8.888596119175211641e-01
-5.965206108756062608e-01 1.127629271213213658e+00 -6.762787370659967268e-02
3.081228102757632481e+00 5.544498896329314030e-01 -2.300532665246118880e-02
-1.497790576683519115e+00 -1.061540347370540704e+00 -3.621284035490157649e-01
1.301086273204908217e+00 1.202128248129061383e+00 4.558337793621466960e-01
-2.703148123765480193e+00 5.230595158135348255e-02 -3.776059426063435587e-01
1.462561170252748011e-01 9.426274077407821306e-01 6.906632227530159485e-01
-1.331181848008847202e-01 -2.015627190287499759e-01 -3.695055039936708807e-01
2.703570658314040198e+00 2.346177201132309431e+00 1.033857758470849930e+00
2.173727292110450016e+00 1.113429433086680492e-01 5.732078118456744587e-02
3.455075938759120113e+00 2.756705285996186472e+00 1.492872447625528842e+00
-2.000195403727129673e+00 -8.938101769176577394e-01 6.115726888268446793e-02
4.824948629029003622e-02 -4.263236368868190129e-01 -3.499277255211619142e-01
9.654183476684812248e-01 4.270460447856616604e-01 5.462988024955142130e-01
7.758799747080012965e-01 -3.073575845709518028e-01 -7.649241045707338982e-02
2.178559286428560782e+00 8.582319394623878495e-01 2.264049544603677355e-01
-2.140355128724869882e+00 -1.796030069802192042e+00 -4.383907074087136646e-01
-1.912218551712196124e+00 3.331768217386283926e-01 1.704605011761115285e-01
-1.860545133353399772e+00 -8.962497112552731959e-01 -2.414235571091190580e-01
-5.982283523583248330e-01 -4.194253194802644025e-01 -6.217493281425786611e-01
3.863244939985600812e+00 2.218668498048570914e+00 1.194651826599621769e+00
1.929542765030630713e+00 1.715183028384456576e-02 -5.956503787617331014e-01
-9.132157064864678819e-01 3.376371693628621440e-02 -1.266381657863263621e-01
4.047987875571398497e+00 2.264982174053888020e+00 1.165738162252932142e+00
2.310151957239729992e+00 2.120955245936416933e+00 8.524546724691899335e-01
-2.336162104240739001e+00 -1.206731337668655923e+00 -5.986323264474300299e-01
-1.013800857709036940e+00 -6.099954853544694577e-01 -7.735744386667426920e-01
-1.940842775037467050e+00 5.342218229951609665e-01 -6.969989739757880276e-01
-6.734688292052202208e-01 -1.117296704515735151e+00 -3.425617520638609692e-01
-1.028258684714200288e-01 1.531632590723460474e+00 6.182330555318246157e-01
3.769395428942611925e+00 1.704347246139221506e+00 1.190702794870506231e+00
4.749666347129928745e+00 1.989875347367922043e+00 1.035679280930470680e+00
2.483492883737065782e+00 6.625213581374300720e-03 1.871201545733123250e-01
9.388725590431137302e-01 -7.301460728688822233e-01 -4.110435700816536531e-01
-2.519106335804984997e+00 -2.306202867761840913e+00 -1.133908147112738130e+00
-8.822266888866266976e-01 -9.571046675374618173e-01 -3.164635239353514318e-01
-2.191378764493688180e+00 -1.091328889721995044e+00 -1.332195052681752201e-01
-5.052931304058753126e-01 1.963359196666541184e-01 -4.658391619923435423e-01
-3.329941723459298508e+00 -1.220892199506479647e+00 -8.183139777104080359e-01
-1.779123280177332900e+00 -3.275099585362163390e-01 -7.343432862059990907e-01
-5.004398029306328377e-01 4.958112488515232785e-01 -3.348376741261515632e-01
1.897897898773732717e+00 1.128030748203727951e+00 -3.387071792887846877e-02
-1.896385810959990481e+00 -7.681270387924180598e-01 -4.669122134963602511e-01
-2.793529661463381095e-02 -5.199875618107349107e-01 8.504772687864209368e-02
4.327859776128765823e+00 1.612157223804229433e+00 7.893112897538132611e-01
-3.691269492420187426e+00 -1.316081085176372678e+00 -9.009665091728314978e-01
1.727181780149276147e-01 -9.067767137822745349e-01 -1.528336918327264371e-01
-1.601460094640615006e+00 -1.403857257107263390e+00 -5.667582354519908883e-01
-9.225106607171430495e-01 -9.403104352417597234e-01 -4.945266679331037363e-01
2.676117947588192436e+00 3.131627303763058201e-01 -1.424979109057144533e-01
-3.709814745509719680e-01 1.594078815792305148e+00 3.234304002335060546e-01
2.633122912808446431e-02 6.729076562581592924e-01 2.196137698467003074e-01
-1.454769827998561027e+00 -2.845149115702756415e+00 -7.868679928439376026e-01
-1.067568110324535802e+00 -2.724004589403424603e+00 -8.164420390045090681e-01
1.424604981428216899e+00 1.025273502781875123e+00 -2.683603499233300216e-02
3.514549519524453047e-01 9.106290349245477200e-01 1.812319685321958362e-01
-5.831903436834097176e-01 -2.258622512236668989e+00 -1.433467061377639018e+00
-1.764400990031443239e+00 6.135176849114785114e-01 -3.614528107161725234e-01
1.127998375419232868e+00 1.143846768209544562e+00 2.304478015363732868e-01
1.141863096846646580e-02 -2.307410324655537526e+00 -1.510249479610921153e+00
1.496368711160088072e+00 1.712210814032278039e+00 9.223293448980620646e-01
8.243243684941329308e-01 -1.358156687959290565e+00 -7.431705236477526011e-01
-2.217707607651185242e+00 -2.902826852801002389e+00 -5.784191630401125384e-01
-1.028183596123319665e+00 -2.666011148262003583e-01 -2.960055391053244001e-01
-1.048417114125400840e+00 -1.913464934273995777e+00 -2.299823070233273370e-01
-3.264088428856990021e+00 -8.692910338546954163e-01 -3.046468522195848183e-01
-2.337265170491804600e+00 -6.455043717376505175e-01 -4.457851210900931616e-02
-1.569643597784928790e+00 -1.510897715767351546e+00 -1.284152182043074575e-02
-2.114107389661858072e+00 -1.011540414592034809e+00 -2.268841001320590911e-01
-8.386892597459690846e-01 -1.005769936927273456e+00 -1.526024589820477173e-01
-1.300395997538460691e+00 -1.657844296489404012e+00 -1.083065220384735738e+00
-3.470474596787927468e-01 -1.553708869847322704e+00 -9.070043316664873068e-01
1.957326939071317939e+00 3.419641068391470612e-02 1.241863953238298013e-01
1.440055770285024961e+00 1.737725181788744466e+00 1.127584843579362950e+00
2.569754146413869123e+00 3.446729156433431474e+00 1.568316155285945035e+00
2.077255688393488064e+00 3.079064954656891562e-01 -3.173599330663031126e-01
-2.859213441859088434e+00 -3.774485699375525471e-01 -2.853990798570853471e-01
1.736563489520702719e-01 -8.935700674210507177e-01 -3.835544953895888010e-01
3.655280411247331940e-01 1.626448176271524604e+00 7.104178830493595997e-01
-2.125931496268292087e-01 2.025035684749000087e+00 6.525055028397352963e-01
-1.516642584443281816e+00 5.387304584507680572e-01 -1.949010978325651511e-01
3.674881233605821196e-01 -1.714131974009157178e+00 -6.604015748059037794e-01
-5.440988314960361338e-02 1.102457645144176990e+00 5.480891927080880910e-01
-7.836500781120601111e-01 -7.862319621761189037e-01 -1.032743238784451512e+00
1.224273698310681446e+00 6.439192122406118823e-01 6.192868599772520799e-01
-2.378360705711494438e-01 -1.115533771686482822e+00 4.418542103352912642e-02
-2.382344521103059165e+00 -1.266031871963994249e+00 -9.009529269937185392e-01
2.954232580156238797e+00 1.992795113996761902e+00 9.206031798032877633e-01
1.191486608011003812e+00 7.438608042292327305e-01 3.949853615447930788e-01
-1.556476789262127625e+00 -1.152737769607961926e+00 -4.023384056603229730e-01
-2.166352278209682236e+00 -1.669086771667455116e+00 -1.078317314920998582e+00
3.221924435526712482e+00 8.265427519959930303e-01 4.174231021979016854e-01
9.196019521859807311e-01 1.639090115029635975e+00 6.491767729407464937e-01
-2.086340367513563887e+00 -7.742184479914792083e-01 -2.619284934850644730e-01
1.438372140414143185e+00 -2.435397721275993632e-01 2.461209986007338313e-01
-3.002556858279120888e+00 -3.127075724436558346e+00 -1.958406176716591673e+00
-2.029339709634860878e+00 -1.341715557450576357e+00 -7.304775186646483842e-01
1.703158061001211587e+00 -4.932249444551085604e-01 3.012370787407724348e-01
1.367689257845244422e+00 1.183772611617572995e-01 3.505799099427789334e-01
9.607938709001942121e-03 2.914128060155502631e+00 1.245789177277880633e+00
9.653845553002389501e-02 -3.634802740744990102e-01 -3.550576984103200884e-01
-2.856006083333896939e+00 -1.461487931017838804e+00 -2.163944060801760161e-01
2.795888375968066164e+00 1.847168372028654693e+00 6.446696568766180357e-01
7.011504698574393402e-01 6.417784898298213303e-01 4.401750706893191589e-01
-3.214274761996433138e+00 -1.379850249751055413e+00 -3.935789691628727716e-01
-2.531712773238868674e+00 -9.030655343221752895e-01 -2.457349460846692257e-01
-3.314368679591303657e+00 -4.559234528685268129e-01 -5.576935985340558677e-01
-1.146735234717769725e+00 -1.445328485630778204e+00 -8.858289469467175437e-01
5.665786482896045806e-01 3.176422808838948453e-01 -7.602969582104557311e-02
4.509441369399219135e-01 -2.076255390985287663e-01 -2.275535343843401725e-01
-4.220316190938083745e-01 -1.460763149176480979e+00 -4.598470231499163230e-01
-2.283979308133745167e+00 -2.299532565292341957e+00 -1.313040586654807607e+00
9.625946747337323917e-01 -3.556468863568877925e-01 -3.872898478889771345e-01
3.158479300410595325e+00 1.994772229885957149e+00 6.822279147290588597e-01
-9.325533695888439389e-01 -7.479134160424379951e-01 -2.785576063509302425e-01
2.439554395547342658e+00 1.992725792268862151e+00 1.330710504988176224e+00
-7.421810783867964501e-02 -1.204128359063072029e+00 -6.925405591688005291e-01
4.909329368676468852e-01 4.163338890937732795e-01 -6.479873540248315411e-03
2.609933386032747382e+00 1.423439425949063697e+00 7.404576945492458151e-01
-6.359526744638225315e-01 -2.013455096501457930e+00 -7.101279211436459793e-01
-8.174382767248139503e-01 -7.082731155274135659e-01 -2.697745443181126523e-02
7.447175278321199743e-01 -2.464971222915897098e-01 -6.924223572575669561e-01
1.506191478092580027e+00 -5.581561012387693532e-01 -1.331020840300532471e-01
8.308509609657309669e-01 -1.377493538232708259e+00 -5.240344438872530652e-01
3.137707040347152976e+00 1.478535827332789987e+00 8.059423185785918875e-01
-5.383887542527938663e-01 8.204852356326370888e-01 3.416910665770945821e-01
2.694096297695404707e-01 1.761342485618551779e+00 1.075921671345275055e+00
1.870955888179056670e+00 -2.126133112878353659e-01 5.246163108676679676e-02
1.282389005334859444e+00 6.974127970157099066e-01 1.642789616693735022e-02
-1.181387629491410740e+00 -1.130518088126525100e+00 -5.083381657373842177e-01
9.668568020907736260e-01 1.642026033099304838e+00 3.745297385492119546e-01
1.769879258013327572e+00 1.098157011284076390e+00 8.916470594161289842e-01
1.083688736401486469e-01 4.184251501129159778e-01 2.477032187089384108e-01
3.189452490791144346e+00 3.999929735479605952e-01 -6.047724438350963183e-01
-2.124603371883683825e-02 1.988626908246924341e-01 9.593606724596322188e-02
1.946680294772510589e+00 -1.338412168667860724e+00 -4.018864763284882291e-01
6.531343051703926150e-01 2.237215843030808227e+00 4.502521866110213433e-01
-3.948564431503577832e-01 1.125044096348752909e+00 6.022103668044413993e-01
-9.488001908288860031e-01 -2.750153057290500302e-01 1.750130904560923129e-01
-8.157578598466689312e-01 6.309969664274130974e-01 2.349353532413338275e-01
2.860237349709257026e-01 -1.543867392097678648e+00 -8.910720822418061182e-01
1.318869341490316316e+00 -9.240684863217923928e-01 -3.001673013604372331e-01
2.153495910469725771e+00 8.825622166657504097e-01 5.803181898499594205e-01
-2.746652302036125981e+00 -2.042828287941122145e+00 -3.292939986804587216e-01
6.501766681865889241e-02 -2.333751072041099661e+00 -7.914954900858710563e-01
1.575267546275068709e+00 1.535013037947037695e+00 7.595620749317391063e-01
-3.339749352531823146e+00 -1.335038814047663891e+00 -8.326754153637699885e-01
1.064133804781739190e-01 -7.468197294811723674e-01 -7.448311614830260829e-01
1.467739251110391496e+00 1.369985170355146886e+00 4.347159224949305734e-01
8.662610610178819170e-01 -4.857359395342721875e-01 3.737992147513796715e-02
5.995221499188732039e-01 5.723865092742516092e-01 8.096772786914011033e-02
2.340311289618469903e+00 1.617386925475072790e+00 1.141433542408856416e+00
3.134945997114540472e-01 -2.668463775501265234e-01 -2.277300616876970496e-01
-4.281247856665260781e-02 -1.148670711359696783e+00 -6.507602132919807492e-01
-3.832599556558824450e+00 -2.854500164057827138e+00 -1.646107516366576373e+00
-3.807985385545753054e+00 -3.065694782555668407e+00 -1.434023780168365958e+00
-3.229257195726725066e-02 -5.629242961172651327e-01 -3.159408944836150090e-01
1.942970474150165439e+00 6.051884268761273944e-01 -2.946848036120996994e-03
1.635712706799511862e+00 -9.702757000057854464e-01 -2.705402048736123555e-01
3.965923639446783389e-01 4.469989049178760832e-01 3.835930492987696949e-01
-8.644793793313327868e-01 -1.767923398173959049e+00 -9.822697513802971514e-01
2.092731417305545794e+00 8.916509755074228938e-01 2.973374551677279154e-01
1.089760654818594299e+00 1.153491219115365896e+00 5.810440152128818481e-01
1.864666211922027195e+00 3.239522488274113599e-01 -3.364582831288612241e-02
-1.751488816580350494e-01 -2.861649814558250848e-01 6.472118364069187613e-02
-3.016333826834713960e+00 -1.787308699739184936e+00 -7.067640218752503367e-01
-2.350464019628329126e-01 1.388521064530243487e+00 3.330228053203482252e-01
1.322562718142723082e+00 -1.054774560185581106e-01 1.363879967407918836e-01
-1.135756671174120713e+00 3.908606979684317584e-02 -4.901286168291027479e-01
-2.427460834102660669e+00 -1.965843322868452869e+00 -1.233446945096273062e+00
-1.057183546904736815e+00 -3.451151035309308474e-02 2.879500679160135190e-02
-6.930495655196944327e-02 4.683133542760807844e-01 3.229998482902279866e-02
1.923823924984875422e+00 3.207669752347991898e-01 9.061659906666690301e-01
1.351216175297520916e+00 2.004423480063669827e-01 -4.569760172173559232e-02
-8.685162537594243171e-01 3.233487366806518382e-01 1.628362436995094142e-02
-1.895675951260221037e+00 -7.981816858803311154e-01 -3.203956260092911679e-01
1.146646669322133771e+00 1.750970337738547489e+00 9.322847514970062921e-01
-1.398650680542372182e+00 -3.377970319178351666e+00 -1.495037189888877460e+00
2.575535775033548358e+00 2.560867653258447785e+00 9.187993706856313336e-01
5.119678674141463492e-01 -1.095179147217161530e-01 1.281236863099147194e-02
1.734070866050332338e+00 -7.898709423168009947e-01 -1.716562730227531308e-01
-3.715083075153377545e-01 -8.615613905736808631e-01 -7.093250809011284463e-01
2.414229888851755934e+00 -1.210075486378717063e-01 -1.782140085681075403e-01
2.158090338371893679e+00 -1.417131690683309797e+00 -3.067011669690954401e-01
-3.171208866593618336e-01 7.208751718259136521e-01 3.744455527685307539e-01
-1.256424814574585547e+00 -3.827931319308686686e-01 -8.990634728509013796e-01
1.507903433401029503e+00 8.396017940866264961e-01 5.598147628125248465e-01
-1.140013655982288432e+00 8.653018779908934199e-01 8.077577690869743865e-01
3.037474764013448764e-02 9.987302937526288948e-01 6.630785030621928478e-01
-4.417304061543262939e-01 1.849158613209789803e-01 2.050698498722066110e-01
-6.520141074070185949e-01 -8.520441090216298585e-01 -3.390199448054141973e-01
-1.243787554296752029e+00 -6.341328202994304941e-02 -6.973589414956282706e-02
-2.603926766830730877e+00 -5.062454951268292591e-01 -9.256721263731323979e-02
6.124033943501300259e-02 -1.324096558543639945e+00 -2.891739224036947720e-01
2.956348843166990203e+00 1.065035272656140952e+00 5.032201834746334868e-01
-1.901815945739605329e+00 -4.123482944959180330e-01 -4.526232317893372770e-01
-7.408875050743200796e-02 -2.896298974254009284e+00 -1.029249820297137852e+00
8.020642681301711763e-01 -1.429659548835000848e-02 3.071484081345205452e-01
1.367863970054783218e+00 8.651592396929067563e-01 2.868364702352975693e-01
6.254110298659746325e-01 4.845501792243911421e-01 3.901076500011133041e-01
3.263507502730665255e+00 1.747056060081479734e+00 1.327582348749823282e+00
-3.192079037333416025e+00 -1.341465863740010755e+00 -4.670212140939974388e-01
-1.162127115665078980e+00 2.307174329999212015e-01 -1.940173516919221353e-01
-6.046568721301580629e-01 -7.991517437996345508e-02 5.210064165487556798e-01
2.605983535585672861e+00 1.640974421745287293e+00 7.827725962747886790e-01
-3.145942709770220280e-01 2.366271083840434941e-01 -1.997864689938368410e-01
-1.387104029876961464e+00 -8.957071956830606752e-01 6.802232200996222167e-02
1.395581308998868897e+00 5.451378389587158146e-01 -1.139693997682145743e-01
2.546581166044499245e-01 3.191205798259551529e-01 5.436779602379473442e-01
2.820660741091993717e-01 4.087024937858648732e-01 -7.088445227618947464e-02
-3.347601203264659042e-01 -2.166660276683597619e+00 -7.205768026185390696e-01
-5.286898852945572713e+00 -2.882507112090629597e+00 -1.456689422999062122e+00
3.404055613650528223e+00 -2.054346216610733467e-02 2.309550475041859952e-01
-1.244036761221180010e+00 -5.290646132832053095e-01 -6.302586782723350600e-01
1.218632593188379465e+00 1.506350216504957817e+00 3.246323691104431863e-01
1.241074702560637233e+00 1.619848344234115389e+00 5.016322015137150148e-01
-2.276533118195101235e-01 8.253043332850726332e-02 6.116052005982948181e-01
3.530317869910662321e+00 -1.569169169922336460e-01 1.120756861574975088e-01
3.106653709451538070e+00 1.292085768854704275e+00 3.046199759588654188e-01
1.547215821461324525e+00 1.469032652841958608e+00 9.219812688568310710e-01
-2.131181963296416182e+00 -5.643884808491272942e-01 -6.844838214964288348e-03
-2.065657322972444643e+00 -9.589843145200122043e-01 -2.724486121070403000e-01
-1.602981130733043713e+00 -1.801422638005523158e+00 -4.202393030612045499e-01
-6.479200991136584431e-01 -1.953080925777935573e+00 -9.512267682431059246e-01
1.431802961135867136e+00 1.190620789565751680e+00 4.876139796442134910e-01
2.455758297723994232e+00 5.571713208980538790e-02 6.405968429275039622e-01
-1.691051782606146414e+00 -2.400941571951234810e+00 -1.279324900877791604e+00
-1.167531369599442259e+00 -3.892803381972134713e-02 9.596191570158717210e-02
-4.298248170556753789e-01 1.064300575942992655e+00 2.625331431149981465e-01
-3.334353332294268224e+00 -2.372473180082439459e+00 -9.194230666469306312e-01
3.872807478390572627e-02 1.830901397047490775e+00 4.864748157191324807e-01
3.274862155679914011e-01 7.647433113534176652e-01 7.155171740829153748e-01
-2.144009282664606497e-01 -1.074660816992406565e+00 -5.771819090854473089e-01
-5.116194516767688105e-01 -1.561445319613689320e-01 -8.770825223927390668e-02
1.779571379994696390e+00 5.994544069086276128e-01 5.341721352985884241e-01
7.423615028298270468e-01 8.777978822335348319e-01 4.093266490189250151e-01
-2.195660036973444473e+00 -3.274703077412763896e+00 -1.051792820202912537e+00
-1.676613599927018639e+00 -1.821594081188898873e+00 -8.235835489757498129e-01
1.003288905970091349e+00 1.787547406485112678e+00 6.203685537980891951e-01
-1.441221826290985275e+00 -3.186332246282586600e-01 -2.426537277918844049e-01
-3.099089696873649213e-01 -1.808600607441616548e+00 -4.101110612815742074e-01
-3.224750708550604639e+00 4.976637998118485506e-01 8.462786353951537444e-02
1.756539131921563079e+00 2.374867004403903081e+00 1.200558973511639316e+00
-2.580440278143912636e+00 -1.668929382707510012e+00 -1.379410621315870333e+00
-7.604855199361123530e-01 8.566904913587927162e-01 4.576477938114623667e-01
-1.382463638590359922e+00 -1.726372519914283199e+00 -6.741322616757392527e-01
2.305807472899378929e+00 6.473312375480095859e-01 1.487138382235642098e-02
4.849464244391501033e+00 1.161436152450484149e+00 9.698143082059201836e-01
2.535952643432423659e-01 4.305645908099375863e-01 -2.175968893189481890e-01
-9.376792184683853115e-01 -6.656891891258240879e-01 -1.640240047484267938e-01
5.901795319967573228e-01 -2.417779576863174906e-01 1.747985275204202715e-01
4.534151444245030582e+00 1.165761028195143822e+00 6.841256445612274861e-01
1.644437869899749716e+00 1.705740306220052016e+00 1.216623330211787035e+00
-1.388735618281107809e-01 1.253251440668944117e+00 1.131528859333036152e+00
2.494352426741672790e+00 2.806598895436603236e+00 1.397486460433564393e+00
4.862576259833994996e+00 3.952864751853576664e+00 2.005017075527982140e+00
-9.349096094953102121e-01 -1.433375311643463546e+00 -2.385162879485858700e-01
2.762562025919734321e+00 -5.169311028889946869e-01 4.011540519101377544e-01
2.676784044174109756e+00 6.499380849027901474e-01 6.003270400479600033e-01
-3.443937854241256424e+00 -2.784143691120182229e+00 -1.491335364043648193e+00
-7.541215796761769896e-01 -2.879951313472829622e+00 -3.569704022389388332e-01
5.541742073241773259e-01 2.087343704440606240e-01 1.817259482555117489e-01
1.766253547459004203e+00 1.871640417590583416e+00 8.287241790409297648e-01
1.835818107983586689e+00 2.797951326997758059e+00 9.684568214521487306e-01
5.558412366707120356e+00 5.751766469141087690e+00 2.651054490870001779e+00
-4.763930858050077211e-01 2.840954688598492650e-01 3.801848765630805316e-01
-1.566980054118287113e-01 5.302174765009970425e-01 -1.133680144983373883e-01
4.526102608776829545e-02 4.334707743272988578e-01 1.275281883574436170e-02
1.761791368055359630e+00 1.529681154315037261e+00 6.119648877092906947e-01
-2.192639948843663422e+00 9.097621198381222740e-01 1.918835293885768067e-01
-1.130068322100459932e+00 -4.555908067902941228e-01 -5.554442025941654926e-01
4.712267509899599194e-01 -5.668670314823808232e-01 -3.143092646090413500e-01
-4.249047554456388820e-01 -1.446583616494797608e+00 -3.695880100554328473e-01
-2.353271100902477320e-01 -1.960914517434282578e+00 -1.213266412035827635e+00
-3.891431537891653303e+00 -1.217588016797406469e+00 -7.606712286766028619e-01
8.705218837464084869e-01 -1.481873167525856183e-01 -2.359362456673509134e-01
3.387560846124945679e-01 6.964267157559356214e-01 4.442616342292667886e-01
-3.628921434170109706e+00 -1.311786416539723721e+00 -5.124330046124249138e-01
9.857323965204841665e-01 -1.838023143580768543e-02 1.450093553865515195e-01
-2.826935900358152676e+00 -1.530656091404464458e+00 -6.637041943894061991e-01
-2.054842511193121446e+00 -1.843406389039416782e+00 -1.243928183552403866e+00
-1.068009286492010990e+00 -8.654655563682345232e-01 -5.467485817968871231e-01
-7.385626498600493806e-01 1.162111265029535323e+00 3.206994274035656622e-01
-7.771112780649286345e-01 -2.643344836860425762e+00 -9.522340946867617895e-01
-2.091239081031382341e+00 -3.446812086641276807e+00 -1.782694167316205780e+00
-1.622633151243826788e+00 -1.402151863513274588e+00 -5.948991811870165680e-01
1.122433669725330097e+00 2.495777206127869352e+00 8.326089610593688795e-01
-1.520230431486982781e+00 3.341571048009831513e-01 -1.563741963601763540e-01
-1.740360817459875309e-01 5.089647503485985602e-01 1.667560565435236009e-01
1.709895340584016932e+00 -7.229100590751912359e-01 1.025091284944190106e-01
8.739197038466175460e-01 1.264824631974452940e+00 5.319110267658999636e-01
-4.344040959340375596e-01 -1.570814761275568294e+00 -8.365097606383655737e-01
8.065869590372786169e-01 -5.166892980176753802e-01 -7.452649585362881857e-02
-2.173828619008633556e+00 -7.743918469262984772e-01 -2.270693784084015232e-01
2.921682375538813825e-01 2.332471593908923779e+00 5.823375080151844685e-01
-2.344595269943757776e-01 -5.021904932365303664e-02 3.817384759465232147e-01
-1.992815087054789158e+00 -1.305248805245723620e+00 -8.737372755060490714e-01
-4.816281150139354317e+00 -2.140425845243702163e+00 -9.504780720075041156e-01
-5.393878695911458188e-01 2.063383366334079483e+00 1.058284149269266949e+00
8.704695446102347356e-01 1.256198647257418921e+00 6.876627110507846918e-01
-5.325520642600961585e-01 1.413618362495332015e+00 1.388104870805130897e+00
5.250862166168717149e-01 2.112141779682367160e-01 1.925389394752664574e-01
-8.507403720959825222e-01 6.330263216217133504e-01 7.490305770730174562e-01
-1.569180071070502169e+00 -1.683300337983698380e+00 -4.611619318038280846e-01
5.611021111653510252e-01 4.310460939621156840e-01 -1.971594930436663951e-01
-9.914707293723834525e-01 -2.966784967564420339e-01 -2.124913756448347790e-01
-1.485446501604605896e+00 -6.241884038071426888e-01 2.743446989429411675e-01
2.633382909248271453e+00 3.815122806586901394e+00 1.840707235432621047e+00
-2.225318437719659759e+00 -8.601475432522897036e-01 -4.084331346290386855e-01
-9.595404527862321231e-01 -1.230764794712446708e+00 -2.624756782339975336e-01
-9.593762466650971321e-01 3.178439969642295471e-01 1.677039264595320267e-01
1.093966821971386061e+00 2.546197514283120578e-01 1.718595207284935034e-01
-2.795842713431151427e+00 -1.790512155069067024e+00 -6.422299372398615480e-01
1.719995849714061942e+00 5.241363272249420779e-01 6.203377076712109917e-01
1.980413339184936117e+00 5.975156874712809207e-01 6.097771340976902987e-01
-4.009954107483205965e-02 1.061630250146610610e+00 5.901127762368795215e-01
4.989680375566898918e-01 7.203086574946920839e-01 8.760222823432603501e-02
-5.304348345145764032e-01 2.039178659004992622e-01 2.850042380620266269e-01
5.850960994854068176e+00 6.176536054329374581e-01 2.764166491784688651e-01
3.401076674950460621e+00 1.221661316484151882e+00 4.163607467260103112e-01
6.485064077575091179e-01 3.158342855882286249e-01 1.531120582718525358e-01
1.590019894273117407e+00 1.190314534771429233e+00 6.246956782325617796e-01
1.859895492511375537e+00 1.710604982430968812e-02 -2.005064294108255263e-01
7.625895027294653516e-01 1.138091678191095024e+00 3.757033591922698257e-03
1.050046110641632835e-01 -1.826188487879954470e-01 5.866657613966275164e-01
-1.779657490531028285e+00 -7.325766375362664784e-02 -2.210921490342608875e-01
2.606512683534099928e+00 2.380991781494596449e+00 1.011999020957917494e+00
1.413933947777090694e+00 -1.443389783239312774e+00 -3.978533776332109362e-01
-7.313518829528690146e-01 -3.297692028041179224e-01 -2.366078843358150885e-01
6.680002527054702544e-01 2.357158467698495130e+00 1.980464631018893362e-01
1.722763176622905457e+00 6.448320717729907336e-01 6.513035313944648408e-03
-3.622548620189687707e+00 8.581497427841798809e-01 3.659551365682131574e-02
-2.626569102360073238e+00 6.115415779672553898e-01 -3.136014507327383738e-02
4.913216917199471290e+00 2.526006138166590365e+00 1.083069706978099012e+00
3.337014862888870503e+00 2.541395336222942003e+00 1.632725390746549543e+00
-3.613121951409162813e-01 -2.012182246109915085e-01 -1.256118913145075899e-01
2.123531354685981309e-01 3.939351043811434860e-01 8.835351803863665532e-02
3.312298118075326148e+00 2.157750195692097250e+00 1.024359624076886632e+00
-1.133093714433249383e-01 -7.833793605321364151e-01 -4.523569205335100651e-01
-1.706864133657728377e+00 -1.336172380705328511e+00 -5.658389840412819671e-01
-7.135258610246285604e-01 -1.322858880305208373e+00 -7.784356767236698671e-01
1.113750686035629434e+00 9.565418748646652425e-01 4.963062228645853668e-02
-2.262849039348262536e+00 -2.098068120360700117e+00 -6.749678797304341504e-01
-1.791769132284643185e+00 -5.069201448473944494e-01 -9.088289250288023036e-02
1.651753735379287491e+00 5.869674591973128575e-03 6.500511531375173790e-01
-2.276382977041683908e+00 -3.148691786824340810e-01 -2.854816410963541551e-01
-2.320919967972049580e+00 -1.167539738129390603e+00 -8.417399534960297025e-01
2.257978525647832413e+00 3.750950912703510665e-01 1.954541213833657087e-01
8.115224808631353870e-01 -1.146632875364183679e+00 1.441970129868121453e-01
4.173360033749343168e-01 1.633249276384184157e+00 8.680082656564052090e-01
-5.290331923879088905e+00 -2.877761329031461202e+00 -1.676783249812685783e+00
2.820433973326549992e+00 1.045922657531297650e+00 5.011918158123145339e-01
-5.563978839407212051e-01 1.130786313818766597e+00 1.612167476840520863e-01
-1.153383615522852512e+00 -8.430182788748602496e-02 -6.038491094112087287e-01
1.078011208531392651e+00 1.153997029171185851e+00 5.620784541348209373e-01
-1.063620270051682581e+00 -9.582837703036782839e-01 -9.945114718541196996e-01
1.838110450535634932e-01 1.776592443164183077e+00 6.877409903008190328e-01
-3.798776743333864836e-01 -5.572403026824135353e-01 -5.114504179334833367e-01
1.306514868643831484e+00 1.087921742432170324e+00 7.522877765223821012e-01
-3.400369283979849833e+00 -1.437147303044621127e+00 -1.517858114490386656e+00
-2.875149177772280407e+00 -2.712487489102405114e+00 -9.414058197913921511e-01
5.711610496924859337e-01 -3.218148800174952529e-01 -3.014707279479512669e-01
1.532937721066528258e+00 1.783123419553564348e+00 1.219411566758257903e+00
2.090973903611442086e+00 6.949220544288577939e-01 6.540610233187961198e-01
-1.338351849449512576e+00 2.117474226654478264e-02 -4.469163371590962885e-01
1.360804103612134552e+00 -6.766081341702596674e-01 1.970564412040826108e-02
-2.478508310700020534e+00 -1.523250920304387357e+00 -1.935742706411494596e-01
1.315249836079531942e+00 2.155222572090422506e-01 -4.266641850053158880e-01
8.219989812520751560e-01 -7.250142404853610056e-03 -8.540355712803593402e-02
8.817319140168147218e-01 -2.517858626535679489e-02 6.650333839857167639e-01
-3.605252720907283770e-01 9.498614001429088738e-01 3.043906539245133103e-01
5.828976178966494004e-01 1.450838142163601852e+00 8.549692601045764118e-01
6.418487205247150884e-01 2.672111213828451959e+00 1.230542549700759380e+00
1.466744316252403646e+00 1.987443380705196549e+00 4.218485134151652716e-01
-1.396943003631273106e+00 -1.020740683974161733e+00 -2.483642991723461479e-01
2.326756911704455089e+00 1.435991286657706034e+00 8.547734242982389929e-01
1.367496805282366834e+00 1.383961088468119272e+00 7.434809067600972599e-01
-2.795298755387234824e+00 -1.687639214717201241e+00 -8.110997492993492486e-01
-2.840458681127399743e+00 -4.988563029379770586e-01 -6.016981371343230744e-01
3.084304826517664466e+00 1.958000831474539405e+00 7.192164333602347748e-01
-2.051744078200484100e+00 -1.614619601650670422e+00 -9.027204104799181339e-01
-3.459110645727697886e+00 -1.151066928853224924e+00 -6.091023625037436107e-01
1.636317023784305436e+00 8.833096286299385591e-01 -2.006334516798220502e-01
1.124228037307691608e+00 2.298647326299803506e+00 1.176973679341056789e+00
4.052026730554481593e-01 -1.330985904498071859e+00 -6.190329605315995076e-01
-9.195889869176845366e-01 -1.219475267824780274e-01 -4.355231988606518279e-01
-1.914667419756531652e-01 1.562107114377327133e-03 -4.438874587445632014e-02
-3.807407941319416622e+00 -3.629794490545918073e+00 -9.871846444060304870e-01
6.005652233810775398e-01 1.407316379730138234e+00 2.016217501893734498e-01
9.842194462585225345e-01 9.463273879888249585e-02 2.504940556160877296e-01
2.612553754783201176e-01 8.615899480708542058e-01 -1.657564258473024355e-01
-1.590919330043140567e+00 -2.477821158431936510e-01 4.951888454385386384e-02
9.148300019658081039e-01 5.681127648811891140e-01 1.500393216616421332e-01
-4.514226707969833940e-01 -5.159013744691406389e-01 7.377385840853262211e-03
2.231627560430604174e+00 -2.688852577893555473e+00 -1.086241268642777147e+00
-1.414320503264766993e+00 5.098866870435945220e-01 6.531427653876118455e-01
-8.161312257790792613e-01 -6.889433093292337551e-01 -1.020782988653727574e-01
2.220114907993205211e+00 2.459614282755781201e+00 9.766980242269832635e-01
2.159385444798402887e+00 -6.651073385661178117e-01 -2.632602457252391503e-01
-2.498407438072316022e+00 -1.246225088773549983e+00 -8.276123877134629048e-01
