3.182048798551014857e-01 -2.590360368559850857e-01
-1.447214889209018418e+00 -8.665907309156470895e-01
-5.052467247545322504e-01 -7.165027496758775705e-01
-2.575530965411596540e+00 -1.628119205524903190e+00
-8.580594758144144407e-01 3.350603642354654244e-01
-7.761661895113408649e-01 -1.289163034906689376e+00
-1.527452656591191671e+00 -8.976776270533071145e-01
-1.022832037158454555e-01 8.018541141234158953e-01
-2.101134684182481394e+00 -8.275123268530929499e-01
-8.445827011839110998e-01 -2.627013651557907892e-02
-2.303309900726816739e+00 -1.311538991216944616e+00
6.056422742852609481e-02 -2.191000700706169091e-01
1.955686438094496049e+00 -3.863271065012163774e-04
-2.633480961414427224e+00 -7.506123849728310038e-01
7.679931569089032406e-02 7.447617291443463516e-01
9.034649197590923775e-01 1.177399344793388369e-01
-3.426586481160408759e+00 -1.245417399192608521e+00
-8.587425430795448955e-01 -8.703439554149499102e-01
-1.387053499161715830e+00 -8.718626785315416461e-01
-1.207413197115239534e+00 -6.078284761437890982e-01
1.632751204923829969e+00 9.589981432930322347e-01
1.402722303694604378e+00 -1.040435129208329146e-01
-1.587227930292529399e+00 -2.538858744002936429e-01
2.839046321456687227e+00 1.906675854003102133e+00
2.031679141197396454e+00 1.177338415877113853e+00
-4.582562803098069737e-02 -3.100597616156173797e-01
-1.336347664065192120e+00 -2.532442324438748948e-01
-1.586780172202620909e+00 -4.705242542216702128e-01
7.648514806975141855e-01 8.950646509193855849e-01
-1.518705600819221901e+00 -8.998889539257521886e-01
9.001009403461086855e-02 2.833061448732925314e-01
4.150452221555959165e-01 -7.990063968151842055e-02
-5.701572446974391140e-01 -5.033904335798096152e-01
-1.087125454431156824e+00 -4.003173660574060877e-01
-1.710798665579851718e+00 -1.181131484347042848e+00
-1.305547713775961238e+00 -5.600557260237201129e-01
-1.028536619252403694e-01 -7.973209332562546381e-01
1.216915001996592971e-01 1.311833114237191678e-01
-2.951237052653937543e+00 -1.386586735881460086e+00
8.845866655433379799e-01 2.355939810720304728e-01
1.085477185175120152e+00 5.801702259267909056e-01
-8.320196844611790765e-02 6.270210742058784925e-01
-4.680561082435036324e-01 -2.790828950364885319e-01
1.651318560758128440e+00 9.125097901237443354e-01
-8.861174239022028276e-01 -3.274146824913991005e-01
-3.100540355606580700e+00 -6.316455315864085707e-01
-3.797635313344197350e+00 -1.944703136825967071e+00
-2.151975942247785323e+00 -7.902289497774698246e-01
5.250988917624291319e-02 3.208945316225257915e-01
-1.817575993278714774e+00 -1.180347309905056985e+00
1.143512227660210767e+00 8.641439998731512695e-01
-2.789090973779487226e-01 1.691400711322763040e-02
6.931151724148105764e-01 3.901899761343670670e-01
1.497822839600550626e+00 2.058799173848753217e-01
-2.444050688043776898e+00 -1.513520131238357713e+00
1.655044087958364996e+00 1.062619204585509625e+00
1.563955827259865927e+00 1.369662696146078495e+00
-3.433408181560944072e-01 3.886892963397408085e-01
2.517116519673325836e-01 6.436258569089278181e-01
-6.624128038098876514e-01 3.805240032396309258e-02
1.227138347530487783e+00 1.561438907418427613e-01
-2.462040602508683396e+00 -4.207255586775334733e-01
-1.392932995045470301e+00 -1.266365197475171733e+00
-1.649965452932287135e-01 -3.971367144982699271e-01
-7.712315456680608750e-02 1.820853777395336215e-01
7.795323906278498471e-01 6.516674053661766219e-01
-5.418827212006280369e+00 -2.798973218055512469e+00
-1.110123886381641833e+00 -6.274224116450501931e-01
-3.381770878012441806e+00 -1.703418464259044196e+00
2.657820994610673004e+00 8.806732363238838346e-01
1.381830186622350354e-01 3.693959691268945411e-01
5.336498260824646955e+00 2.417231261151768340e+00
2.529969206321676101e+00 1.058555501779242736e+00
1.545390992827532006e+00 1.478475486024340979e+00
-2.008570001178558773e+00 -1.090329010571778889e+00
-1.962865301609908464e+00 -1.174470219603331422e+00
-1.552747403352700672e+00 -1.141300838982103993e+00
-2.953686334308401218e+00 -1.834564155397430563e+00
-3.627135979338054761e-01 -4.103993865230367577e-01
-2.565046435032964922e-01 -3.269752894587943381e-01
-2.114695853457490671e+00 -5.921915508998669697e-01
1.128330558164329478e+00 4.036423047614481896e-01
1.118416508963844702e+00 4.237802245210831042e-01
4.555140498316071485e-01 7.509512954666892615e-01
1.795960365658060720e+00 9.897424613851153463e-01
-1.271875375926359686e+00 -1.009325739049804938e+00
9.373241005942802850e-01 5.523141419166408550e-01
2.168326365095271102e-01 -1.593913822589022589e-01
-2.599337727753873395e+00 -1.130659907365277217e+00
-1.391001469650604783e+00 -1.860148491681349325e-01
1.628679521711409839e+00 9.197922354534457945e-01
3.898436869317198017e+00 2.379941068157520156e+00
-5.957377000033993175e-01 -2.468592882632638374e-01
-2.097594779464349024e+00 -1.490935624695964412e+00
-7.451789836277765700e-01 -4.051876386939586849e-01
3.819689302741381187e+00 1.839250250246256213e+00
4.214198605532944342e+00 1.482260564343779397e+00
4.207407225968712305e-03 4.875598682372136450e-01
-2.686403763814079859e+00 -1.354667400877404448e+00
1.731158935450927583e+00 1.255054115328681608e+00
-1.419908310913780669e+00 -1.660080170155588064e+00
7.149193495642564011e-01 2.386685944906619672e-01
-2.675006253577635107e+00 -8.433326888004166744e-01
1.625495035415450040e+00 3.585591453196267930e-01
5.540380143405471358e+00 1.979729427846041112e+00
-1.804911212414582189e-01 -6.338569538042746476e-01
-2.684517674107802510e-01 1.525348740447491358e-01
-8.346841393342165905e-01 -7.884170804199913674e-02
2.279362786531820895e+00 1.264648225734610332e-02
-2.394903090508784249e+00 -1.291367466949993270e+00
1.202322949466291258e+00 1.656378300777251678e+00
1.116723389850895753e-01 -2.941224075653098846e-01
-2.261092739187450906e+00 -1.094986425271388342e+00
2.923300500882082820e-01 2.274529519834091462e-01
1.482856465776564436e-01 -3.469421957961584257e-01
1.432967186311683072e+00 1.540656787671957351e-01
-1.845556547269967096e+00 -7.953736867243154096e-01
-6.745799082272320446e-02 3.152890591195571246e-01
-6.110982847693529063e-01 -8.870433393888824680e-01
3.949547887776302169e+00 1.800936507601818004e+00
1.949758458843974473e+00 8.533816426645668418e-01
-4.765243271077967080e+00 -1.579342187934603459e+00
3.869433662607234536e-01 6.399696150629961000e-01
-5.375311814178490577e-02 -1.082257545461599163e-01
-2.418663116073928698e+00 -1.195491922332085455e+00
-3.339246556555264256e-01 -1.388959015728979396e-01
-7.509648104052669693e-01 -3.662306477043610897e-01
2.136808129681316171e+00 8.891816768668659998e-01
1.527638342505549085e+00 1.490920291827252386e-01
1.754638493892781481e+00 1.073528570493116785e+00
2.425733154633503919e+00 1.760559776746306593e+00
1.492954069974163911e-01 7.387624231208786418e-02
-1.204119612909979153e+00 -2.438412655552746333e-01
2.320209016800855562e+00 1.792261532533731216e+00
1.034226567927701179e+00 6.802695292237629365e-01
-1.300924161005395430e+00 -2.115239852176097335e-01
-2.616115643793914813e+00 -1.469793788776103449e+00
-1.137278601273387757e+00 -5.186737968556323075e-01
3.082018555205556787e-01 2.042547711150042855e-01
-1.331129753425086548e+00 -3.585753627055978665e-01
-1.514769024718072843e-01 1.360917174932337881e-01
-8.144449011171509545e-01 -6.275485183760600716e-01
-2.763909733938646696e+00 -5.524675410258750308e-01
5.681311675946024153e-02 4.085423163045056594e-01
-4.292829457834097973e+00 -1.357118673856733793e+00
-5.334715531989241144e-02 -3.156895994852395027e-01
3.370499492358871141e+00 1.685042767972470434e+00
9.489830354884276620e-01 1.857383749675467488e-02
-5.012961479189308456e-01 3.596214265908171948e-01
-1.390507196074096674e+00 -9.015030511504136257e-01
-4.079386564115448643e-01 -2.056493263858393816e-01
2.038827586418224536e-01 -3.474005220753705048e-02
6.573290920815801908e-01 -9.970911466518594946e-02
-1.682597680150379915e+00 -3.566377201748440195e-01
-3.096952964338587355e-01 -5.661601490459405861e-01
9.462770944779941296e-01 2.927608680577259426e-01
3.598751645362821439e+00 1.910188851173472591e+00
-1.166074551990354369e+00 -4.396884589234401064e-01
1.908566862060097513e+00 3.912803752905965049e-01
4.420355624367198644e+00 1.790531193364108820e+00
-1.819743618619619419e+00 -1.444898577616948732e-02
1.554160512449538345e+00 9.030137579198042053e-01
-4.352004888378867564e-01 -2.198857444716285359e-01
1.100558577155063888e+00 8.875780847375014382e-01
1.595722522201875826e+00 6.189249890898532724e-01
1.288742744787134686e+00 1.097630578219933151e+00
-2.376658603146728221e-01 1.672261379538410309e-01
2.123326079568051306e+00 1.202879963526671592e+00
-2.822871652305134482e-01 -7.175431302318483473e-01
9.053680692459900037e-01 2.959222863339386334e-01
2.536755523456258654e+00 1.923495029209902007e+00
-4.646515841007020087e-01 -9.259029592176124535e-01
-3.550573406030170798e+00 -1.225183344170661215e+00
-4.822897121112471597e-01 -6.142255039519198823e-01
-2.098742959942123232e+00 -1.046312663405086996e+00
-8.547599449304214836e-02 -2.142692886953567188e-01
-8.843603701140516637e-01 9.313265206619741887e-02
-2.416335366002564378e+00 -1.198656515161817149e+00
-7.900777845559174839e-01 -6.727444290507564872e-01
-1.858783135443041301e+00 -9.026746045584383982e-01
-8.739966401100844884e-01 -2.122356568684014289e-01
1.187161278039263301e+00 1.208437829019411769e+00
-1.155643049548245260e+00 -1.048655185602954898e+00
1.550667363595039649e-01 -3.587520433976315593e-01
-1.204037187107991125e+00 -5.504521024230235593e-01
-1.068747288483473890e+00 -4.953040064028718104e-01
3.438646615127573192e+00 1.642094004688890552e+00
-5.924658467791410477e-01 -4.012556520650828462e-01
-9.547785285804103461e-01 -2.145287804234339568e-01
5.686985060783580348e-01 9.420068034813025015e-01
-2.402198188480099361e+00 -1.686419029391383217e+00
1.880824802630501058e-01 5.364970191113554998e-01
-1.362364452222207145e+00 -6.135827338515840168e-01
-1.827467549498900334e+00 -1.025354190202931726e+00
-1.716159340425660984e+00 -6.935263307669463639e-01
2.425224863547175591e+00 1.419532932727798791e+00
1.336771297108178436e+00 3.458265680461029556e-01
3.702697672772694126e+00 1.166004205377097147e+00
4.482622461616622145e-01 -2.852716619725921832e-01
2.079216250690714973e-01 -5.114238253695863046e-01
4.881258167437912965e-01 7.364428948030175004e-01
-2.642468942996702985e-01 -5.550438813390485421e-02
6.675826223653209546e-01 -1.833256036210001994e-01
6.991990225171722528e-01 4.246602007700363002e-01
1.774266408098380099e+00 9.148690536383973226e-01
3.096475270503626032e+00 1.776113905393307268e+00
-4.195363889277915481e-01 -7.542874743172635343e-02
-1.098389062823497131e+00 -9.488625760052471492e-01
-9.465483967059464820e-01 -6.879612296304937757e-01
-1.544941555010753031e+00 -3.159954187505700229e-01
-3.702797237071978387e+00 -9.621571090838456630e-01
-1.427192913337971936e+00 -5.197919016627878808e-01
-3.769788930062156762e-01 -6.894920767699075359e-01
7.627750227399423544e-01 1.018763614717455912e+00
2.439875978746750107e+00 5.995452782630472655e-01
2.252148616031256267e+00 1.406875616227722281e+00
3.157521590859075467e+00 7.856768428552522998e-01
-1.845008213534314323e-01 3.359872027201800393e-02
1.841572480793350675e+00 1.432653444837926227e+00
1.194717484498821314e+00 7.769975974248743977e-02
-5.898861193077720166e+00 -3.394521412288330708e+00
9.250372419404464530e-01 7.601002759964359257e-01
2.500692079482571994e+00 8.884442901209239629e-01
-1.359237408789495394e+00 -6.602082431469418200e-01
1.228899478654465804e+00 3.860936372963233443e-01
4.189266107227493374e-01 -1.312483788834870602e-01
-6.782069015401122059e-01 -5.385487115645849476e-01
3.616848228562347334e+00 2.262407205506630881e+00
-2.115956689226979215e+00 -5.663623548000684682e-01
3.454579282484732783e+00 1.565724371634720447e+00
8.155793647510596323e-01 5.046382314169322036e-01
-3.307853868966160960e+00 -1.317501247535076914e+00
3.479086799206704939e+00 1.357712413424204012e+00
-1.633803324275491242e+00 -1.042075107978324588e+00
-6.849393929576957918e-01 -8.215087139928367588e-02
4.691707975962642330e+00 2.365671872374639051e+00
-2.689130939505398832e+00 -1.286129750754211098e+00
1.849789976906937472e+00 8.929913572070390382e-01
1.938810674863422179e+00 1.293092338478864178e+00
1.047315817424374629e+00 7.818204912443608157e-01
1.094162149366795012e+00 7.612344359786692438e-01
-3.057385090249152837e-01 -1.941669037305256695e-01
-1.190247770750846590e-01 -1.305720687242006017e-01
-7.324295866855068393e-01 -1.254740447705024187e-01
-1.099434226863266861e+00 -1.848892562457646327e-01
-4.879201558446358833e-01 -1.629878152492000298e-01
-1.503510469385665571e+00 -7.979511579051020709e-01
-1.921454619997732260e+00 -6.805135476066159761e-01
-3.530029808272113989e+00 -8.914834826085593633e-01
-3.260285046141198767e-02 -1.078461717129776259e-01
1.987732289769656768e+00 1.965200930920475653e+00
-2.850442927090171552e-02 -5.323084683782408622e-01
1.305618549950263718e-01 1.318783473317038796e-02
-1.794383367930142414e-01 7.105897706805393010e-01
1.908172148390046008e-01 -7.581469598556253020e-01
4.206781149180384705e-01 1.580595008844871141e-01
3.540284339612322029e+00 2.270229116528780899e+00
6.650950460563389566e-01 -1.805195521449444174e-01
2.580136854542755209e+00 1.510890477593933801e+00
-1.350285152726133697e+00 -1.183570656149152800e+00
1.609593867746042850e+00 5.308983921419624386e-01
1.022324555545512798e-01 3.324899579486964574e-03
-2.540166805548276674e+00 -8.016406430443459019e-01
2.420118108584266903e+00 1.248887207436682134e+00
5.093001912573911216e-01 9.986595845588617237e-01
3.795548077777513019e-01 5.667927641772393388e-01
2.556948510966341903e+00 1.961070759270848507e+00
-8.206499673006881768e-01 -5.271711713768981733e-01
-5.885845161190913499e-01 -4.930055557002456235e-01
3.785094761908820882e+00 1.773879663227533321e+00
2.298988813489294181e+00 8.424617835736137872e-01
-7.013647293055497167e-01 -6.676129943998436733e-01
-9.970670421467040523e-01 -6.062337264517726476e-01
1.359137924114741214e+00 4.289357049889225282e-01
-3.284233945790493436e-02 4.501926838749775173e-01
-2.995935964107634852e+00 -2.111426290178550769e+00
-8.824108959164917998e-01 -2.817368961093069113e-01
-2.829885179056391031e+00 -1.791355978362725754e+00
2.680123737236843162e+00 1.419006455630482666e+00
7.323536946632287492e-01 5.567088829617927725e-02
-1.364465155292442722e+00 -1.123173875451751513e+00
-4.272262139912585077e+00 -1.046735724667918088e+00
-8.406253730076853614e-01 -7.588488165575590916e-01
-1.403900491524835203e+00 -1.273621269926324295e+00
-1.492419952083467338e+00 -7.202984923741582168e-01
2.091873097886091770e+00 1.071755826313402160e+00
-3.921207263025073608e+00 -1.320954644943590051e+00
-8.249277775281999014e-01 -5.585434502619646135e-01
-2.317732372571745358e+00 -1.794011121844480527e+00
-9.407826138613835099e-01 -1.120013790444144508e+00
-4.520206838194001930e-02 -5.898179527010891654e-01
2.119968971926515344e+00 1.352643933487225336e+00
-2.485586467720119597e+00 -1.911682296289780147e+00
-1.335612308906189316e+00 -1.088889642828598348e+00
1.676677521764791789e+00 8.003450696522822483e-01
-1.787197210623727051e+00 -5.997771399134229631e-01
1.259101480932725448e+00 9.832917965273337835e-01
-1.883664660203439478e+00 -1.122574210434356567e+00
3.809268638186032341e+00 1.665864291738692549e+00
1.202133507014103486e+00 9.069985208201692961e-01
4.132838574151157518e-01 3.941127984508034365e-01
-1.487048932246284316e-01 -8.411458904786095481e-01
1.669069680951941415e+00 1.083788663439647859e+00
-1.336998614593002621e+00 1.878127507483768333e-01
7.661334475778351638e-02 -4.118172025223256760e-01
-2.483343559957827296e+00 -1.049393820559459733e+00
-6.045203825362339245e+00 -2.145167165431747680e+00
-2.211588233127734782e+00 -6.980390155483694459e-01
1.681594010979620801e+00 8.237940878210869844e-01
-1.673373786482462711e-01 2.311728514244043575e-01
4.585571278550440444e-02 4.826293404690544797e-01
-1.132501964293071817e+00 -1.078248902395120834e-01
1.564720187792832284e+00 3.839988922086691736e-01
2.751877847379767150e+00 1.088959694994351413e+00
-2.429608546670340985e+00 -1.507528945935809661e+00
1.155418439015222232e+00 5.348642805147851842e-03
-9.541299148525664298e-02 5.426527268714372854e-01
-4.366558975688860644e-01 -3.404273921716245432e-01
-1.167826586480822160e+00 -2.935919335467757074e-02
-5.492387007590030734e+00 -3.404373506298361107e+00
4.683359430856486316e-01 -6.762817305098069998e-01
1.632430117964997374e+00 4.286838423708581036e-01
-5.843781191384205265e-01 7.086012419020074615e-01
-2.080077098886267684e-01 -1.406664037896683261e-01
2.076022794237126767e+00 2.373243274919892842e-01
-5.418232934813385637e-02 1.081365468631269727e-01
3.849203154003135730e+00 2.131151286077832108e+00
7.502199212666506023e-01 1.020885592795157948e-01
1.827978213159517362e-01 7.076004713420602776e-01
2.351905335961023136e-01 -1.891768102933978901e-01
3.433056352905032860e+00 1.493947722286598223e+00
1.639026244069540006e+00 9.157039053680242624e-01
-2.662036923280195921e+00 -7.743877640152286856e-01
4.383625016813960329e+00 1.754446852891326847e+00
5.067262056764143985e+00 2.927354335158046883e+00
-7.400383895900800590e-01 -3.184052479539203895e-01
-4.663001416990698589e-01 -6.128819932013814809e-01
1.663173201901530396e+00 4.842910381560583399e-01
-3.233662524830004603e+00 -1.272523181572904338e+00
-1.732372231639584648e+00 -1.218668001647726928e+00
-3.150108312461779914e+00 -1.876977400937940743e+00
2.983916805576638520e-01 5.323874259053806846e-01
1.030291477946794876e+00 3.994754108363374745e-01
1.386196947725660378e+00 8.958186808482602181e-01
-4.487293183117174178e-01 2.410280085741441924e-01
-2.975023823701798520e+00 -4.480398854949904086e-01
6.120080543002986984e-01 -1.980422994441508322e-01
-3.598350076496433791e-01 -5.378082899486913426e-01
-1.135921040391601133e+00 -3.190986588340770647e-01
-1.785229823044078845e+00 -8.597265929030403209e-01
-7.081909181584619128e-01 -3.437396810207751785e-01
3.981552081003304266e+00 1.696624521495317062e+00
7.141451710950088572e-01 8.535707594230015349e-01
-7.617041055085684853e-01 3.180535241482352338e-01
-2.359826592485998020e+00 -9.721182181132419498e-01
-2.801585491970524977e+00 -1.860508655352788754e+00
2.237659576194344080e-01 9.065105279900478319e-01
-2.758305440503966199e+00 -8.857251800574050815e-01
2.881440204679555528e+00 1.000665266809620313e+00
4.010172676140733028e-01 -1.652178402765652754e-01
2.972119745846622418e+00 1.229923747407681622e+00
3.546415550965317243e-01 8.349398800445475555e-01
-1.127852827044305006e-01 -3.804364093549678083e-01
2.227342109343901200e+00 8.784854193610770468e-01
-2.169208433463284624e+00 -1.112603901517404736e+00
3.017221961868619573e+00 1.780126290192832972e+00
2.927474677483010712e+00 1.065259590470130968e+00
-4.687254257136341806e-04 -8.436492601292346905e-01
-1.035494927310441016e+00 3.909493349205441781e-01
-2.170558274810839849e-01 2.573212757573839493e-01
-1.568208543257251675e+00 -7.883271349229716840e-01
-1.109964996468165710e+00 -9.472529018447113369e-01
-2.009734336785117925e+00 -3.414557549244127133e-01
-1.305288016313549848e+00 -5.236350782178099683e-01
5.753336661036704269e-01 1.226234389196187297e-01
4.128302855363152335e-01 3.917246518347035078e-01
1.575123675873321138e+00 -9.071122518075214192e-02
-2.985014942255633574e+00 -1.063240477854603183e+00
-8.359335796368878579e-01 -5.801561645836617043e-03
1.383176249490455145e+00 5.565699425643892972e-01
-2.841342072031280974e+00 -1.741576573545318585e+00
3.529402554415788096e+00 1.305522090594686713e+00
1.521506728843163847e+00 6.442488010482680938e-01
-6.195617480540207556e-01 5.056145417169719547e-01
1.703679333780101057e+00 1.205198278761641539e+00
3.023169348846266313e+00 1.188011449844269318e+00
2.193451949316451710e+00 1.611826714554292383e+00
-1.375398420605014493e+00 -7.853443505711669159e-01
2.114245260780732438e-01 5.725837842809511358e-01
-1.363089227959090932e+00 -7.827289298124899819e-01
2.896108280262553070e+00 1.756437556808257083e+00
3.291793204724709376e+00 1.676663125910268004e+00
-8.892119317196307549e-01 -2.173886614187021671e-01
9.103920209824620802e-01 1.580428003969844286e-01
8.461180560280299190e-01 -2.609613588563460818e-01
2.288919332409475427e+00 1.490814409956405129e+00
2.322637621516969730e+00 4.364560863396753643e-01
-6.523562760361700796e-03 7.485980209506081229e-01
-1.263620779105150138e+00 1.923409366826602795e-01
-2.712162774747010285e+00 -5.662007401354431924e-01
6.197954588137345455e-01 -7.111827761232006329e-02
-1.836710529876847353e+00 -6.616715595866672350e-01
7.298517187406821094e-01 8.810942766269260762e-01
-6.646724715094060043e-04 2.256782859542023068e-01
2.039911106634697824e-01 1.608117394531471123e-01
4.699262630131998186e+00 1.541487598898230837e+00
-1.042930213743600287e+00 -8.680319212300161569e-01
-1.359971187211530319e+00 -1.290149952802633893e+00
-1.501933689670320371e+00 -1.045651285615627701e+00
-1.946527743231459162e+00 -1.430864146092182709e+00
3.722964558539126334e-01 6.114560646318409898e-01
-1.033067634147638358e+00 -5.466905395559564784e-01
1.764333010040897709e-01 1.753111167951360017e-01
-2.180084743544540071e+00 -1.274958023283040198e+00
4.710630123621797338e-01 2.735050390644508944e-01
-3.596455402051101924e+00 -1.437440684605466146e+00
-4.732729492417476203e-01 -1.010702251380699135e+00
1.638965276956678263e+00 7.043660961238980001e-01
7.819967472579681944e-01 1.653678849808263573e-01
-5.337362650546415010e-02 6.217079224441207641e-01
1.675152293879479615e+00 4.322678180363004330e-02
-5.433632195549122912e-01 -6.011372750503435336e-01
-1.988634182662685435e+00 -1.565214545982619665e+00
-1.648557455993838960e+00 -4.191885238015835013e-01
-1.416806171892953214e+00 -3.250383499396595210e-01
1.240727084402365454e+00 1.116154498510295578e+00
6.050870349709193796e+00 2.845163900408730129e+00
1.522598523300024764e+00 6.479862390270945127e-01
1.759605528248824324e+00 -3.003939340785943823e-02
1.737623205165879536e+00 4.282021687359203743e-01
-7.663403248127169665e-01 -3.653226489577922065e-01
-6.586565053220419519e-02 -1.957787588903905918e-02
-1.180434468354542243e+00 -7.510870974336730788e-01
-6.551352597387256615e-01 -9.892339441738605688e-01
-3.354929030791975464e+00 -1.956700665783748461e+00
4.129200631104549823e-01 7.549544728088487533e-01
-2.312594095408883277e+00 -5.054007351090661349e-01
-2.117159161155119929e+00 -1.793314308423344272e+00
-2.448495587477570901e+00 -1.109783177134072707e+00
8.364088472744426461e-01 8.947477432516679485e-01
-2.819285663844821155e+00 -1.914633802897525605e+00
2.213529167756353555e+00 1.340623063729754705e+00
7.859981288517923215e-01 1.130396424302691161e+00
-5.088031232662378889e-01 -1.256753073387100184e-01
4.595621023496301305e-01 -3.420982501632670592e-01
8.546190332311598414e-01 -3.777848978607367680e-02
1.738336172866314366e-01 3.259955963612043428e-01
-1.089140539534470209e+00 -1.987222557164099457e-01
-2.040081955737532482e+00 -1.309418452770480634e+00
2.087540283644546246e+00 3.357181046836884564e-01
2.222298381806742995e+00 1.372455935036191788e+00
-9.658735137890664957e-01 -6.887514444682359960e-01
5.736513703126531194e-01 -1.979364926054013041e-01
-3.137040399249502176e+00 -1.421614347876777096e+00
-1.787684603303058672e+00 -4.704315730720770583e-01
-2.127703789140880097e+00 -6.291890603173334595e-01
-1.293129445090847263e+00 4.921627874080530818e-02
-4.437499802505405988e+00 -2.589573334510997249e+00
3.127946563871373709e+00 1.409662699308536160e+00
-1.632236331748782243e+00 -4.004817738637840852e-01
2.453779494054700860e-01 3.328939046370575916e-01
2.556831577371977637e+00 1.108755038145894378e+00
4.583093167568078385e+00 2.032223436327090571e+00
-2.531570518523053259e+00 -6.952955120736041827e-01
9.883203962991907732e-01 7.115002609941243339e-01
1.505976393054223594e+00 6.528977698439374366e-01
1.040330818088171239e-01 3.845503599444979326e-01
1.216261193355672621e+00 -2.280312608442254252e-01
-2.081940647768970809e+00 -1.698759312748477468e+00
5.396526959538290313e-01 1.513568510165939907e-01
-1.940026794889244011e+00 -1.849876028877436296e+00
1.042292123252098301e+00 6.159539188122777897e-01
-2.027460689184557463e+00 -1.149984379369715759e+00
-8.113848094232559149e-03 -2.076982309614704425e-01
-5.854779413946006317e-01 -1.605279251755886705e-01
3.569038845184396180e+00 1.385575776830340056e+00
-1.334219681207220010e+00 -3.633637426311704388e-01
1.705728761986194497e+00 6.638148596844936078e-01
-9.654473013236777312e-01 -3.744847253188818836e-01
2.326164429464246730e+00 1.005652689710557546e+00
-2.578032724911820672e+00 -2.172581602095139175e+00
1.864369464527936837e-01 9.684589152924258926e-01
-8.506254934386487943e-01 -4.016434529715470214e-01
-1.848754202798594592e+00 -5.911744964617418052e-01
-2.956960468197431524e+00 -1.155543004109927496e+00
-1.035614318898171016e+00 -4.118509607664631034e-01
2.136599959312514230e+00 1.558088095101934689e+00
-3.392629730775370778e+00 -1.903189329168567756e+00
-1.235764906480348591e-01 -3.525130080548093403e-01
-4.331653723181688065e+00 -1.680778967524685585e+00
-1.441584824060809789e+00 -1.661365728424609722e-01
-3.721310021868891482e+00 -1.498185838267916958e+00
3.832654156497370401e+00 1.824021039732941496e+00
2.158690046123572959e+00 9.545279897363989630e-01
-2.401663403816247655e+00 -1.789871416095273782e+00
2.418326211890946098e+00 1.293883218130205126e+00
1.213873879954480151e-02 6.818019837518612958e-01
7.381874447236227432e-01 7.877472258090782997e-01
-2.117613779510515215e+00 -9.656586147361598815e-01
-1.384446260523045646e-01 -1.296292681347425285e-02
-2.549401219712200461e+00 -1.438597259633453973e+00
-1.753692609035704786e+00 -7.379780905444659478e-01
2.784267667965180659e-01 -3.135362298078469001e-01
2.448466148391345243e+00 8.629327485329527647e-01
1.183614655041013375e+00 8.441749457169338555e-01
1.208145087557315644e+00 4.597267212868255126e-01
4.011386781063094986e+00 1.758372418613082910e+00
-9.351569745550870616e-01 -3.699552810995085372e-01
3.691797293243609168e+00 9.521077333676294385e-01
4.139188715608914215e+00 2.648113948519269734e+00
-2.555466800106410474e+00 -1.124354734158032221e+00
-4.125843705786181870e-01 5.138462081187974984e-02
9.960707391367460417e-01 6.242856535616452263e-01
-7.075312532005308963e-01 -7.522929638831901133e-01
2.360538914152249479e+00 1.802299613311162396e+00
-7.205825779044243706e-01 -8.390137963395543075e-01
-1.642725669870395810e+00 -1.038113874279753546e+00
-3.562669774385316401e+00 -1.839094257635783380e+00
-4.735198879001517591e-01 -5.290660180042621175e-01
7.304756673076224782e-01 6.002302265006992377e-01
-3.358914080619935238e-01 6.539761107075343638e-01
-9.083630676438200213e-01 6.559373968297105284e-02
-1.850396773438636844e+00 -8.291185442837093467e-01
1.391549879452484095e+00 6.271486968562315356e-01
-2.925301324036254091e-01 -6.071759921024387774e-01
2.309696683051006172e+00 1.230074339938473038e+00
1.163178267064115756e+00 7.450085181251175914e-01
-3.849077908747544630e-01 5.356192296933875996e-03
7.636525220517593748e-01 2.188640215942557199e-01
1.265348061219166320e+00 7.866848517262184926e-01
1.436056680497717730e+00 5.087364692938272093e-01
-1.305176468266722400e+00 3.585622571913527068e-03
-2.324928047106609164e+00 -7.889199480534964115e-01
2.987484739428361014e+00 1.112471217863738593e+00
-2.709829771421755074e-01 2.645101953554989116e-01
1.623906499504654821e+00 3.141349442825128735e-01
1.924325488296196873e+00 7.712300496808240924e-01
-1.082443912487976112e+00 -3.706454170623811883e-01
-2.999378134025543208e+00 -1.358490059784580595e+00
7.213336937798817683e-01 9.838314112724120264e-01
1.500807429453897779e+00 1.581973543331712806e-01
1.581425280257779065e+00 5.573347234879023615e-01
-2.419501688906396719e+00 -1.315059001907478597e+00
1.773157449256944629e+00 1.913269078727434458e+00
-4.051526311690906823e+00 -1.209463236116834484e+00
-2.360332371598002243e+00 -1.270154556015434366e+00
-2.637045047737955006e+00 -6.561101357100174170e-01
-2.552046292744557299e+00 -6.062320656304083233e-01
-1.126540683135134779e+00 -5.741964124127602043e-01
-3.188003814425489080e-01 8.875775664295369738e-02
-3.379529526340691592e-01 -3.647944962606116670e-01
8.148354251863939579e-01 4.700133779121069555e-01
-1.308780275700669904e+00 -1.521667167999047887e-01
-1.796636332358939159e+00 -5.683607255049057949e-01
9.026842901287888132e-01 5.971791599427584973e-01
-2.171785646150151905e+00 -1.116095813847980622e+00
-5.151858173014257636e-01 -4.812312198373914218e-01
2.245135778360371148e+00 8.547918525108646470e-01
2.765681461941659425e+00 1.192840730387251913e+00
-2.208208626875008296e+00 -6.716629320020746086e-01
-1.288151134411428478e+00 9.691631454167543014e-02
8.922554379384726175e-01 6.849934301146878290e-01
2.260137434678870960e+00 1.974050249692533621e+00
3.395086087715786238e+00 1.381168283851933465e+00
3.090226913289445765e+00 1.344836491933107947e+00
-2.070945991082356663e+00 -1.751660881813437154e+00
2.380060678063312896e+00 9.764123174530695559e-01
-4.385625017923389990e+00 -2.117989878090731359e+00
1.975279680039964791e+00 1.041917625054487928e+00
1.047485114677772167e+00 1.252880324515907695e+00
2.987731868322076600e+00 1.449857285702991883e+00
4.489403188546758905e-01 3.220308492185508520e-02
3.462777662909328313e+00 1.680791473442254658e+00
-3.417402428307376283e+00 -7.318010898975086942e-01
7.504644415842984806e-01 8.396995083585427899e-01
1.429022816789646821e+00 9.133455618395053266e-01
2.957230295490723693e-01 -5.522078606117151178e-01
9.849920617579797089e-01 7.296522858116821775e-01
1.904162560632560952e+00 6.046304825043866682e-01
-3.761118305255789718e+00 -1.957176066460830643e+00
-2.238892517167859531e+00 -1.223001465386919673e+00
-3.154366785553158525e+00 -1.922074149782971864e+00
1.268344303683235363e+00 4.883590007942053002e-01
-1.425587277377616535e-01 4.128491905329551015e-01
2.451555994319229548e+00 7.135537302432546358e-01
1.765107383122985096e+00 4.067798821700414069e-01
-2.777697290676636399e+00 -1.193726592441513468e+00
1.995170777518487648e-01 -5.954744635975232903e-02
3.967314341396081634e+00 1.572109886316213512e+00
-1.149410006949885960e-01 -3.378984624633288303e-01
-2.142210725499801072e+00 -6.024673304703052068e-01
1.050763865193918178e+00 1.402384910252286510e+00
2.628897839821452642e+00 7.336895336077509100e-01
-2.211540035290527617e-01 1.424748546449448872e-01
8.788363825801916995e-01 6.326747460587111016e-01
-3.896551232337815973e-01 -1.589684663677179421e-01
-3.172306215602079593e+00 -1.545300359513029687e+00
3.064303853354576557e+00 1.408491424288288218e+00
-1.022375197237524347e+00 -5.520574442363102019e-01
4.184010021382671418e-01 4.770476813505741265e-01
-9.338677479838535245e-01 -9.822442641035693534e-01
2.138516005224521788e+00 1.570575277616466092e+00
-2.965192847786213726e+00 -1.413418113875259730e+00
-1.549706576813569825e+00 -1.157743223554876799e+00
-2.874802038976500551e+00 -1.404095977879634916e+00
-3.874437178146239447e+00 -1.983185439681491413e+00
1.097344568332349279e+00 9.910202361385441749e-01
-1.115938179880092140e-01 6.615565546232936578e-01
-6.559788111174030822e-01 1.411840013593418930e-01
1.486495302489139414e+00 7.970304810745943991e-01
1.452257907556351868e-01 8.720293159504377556e-01
1.309954633481398067e+00 8.737438777441466353e-01
-7.445901579246444468e-01 7.263923399929733682e-02
1.539453345879496560e+00 9.948269754511425145e-01
-1.214949224560958052e-01 2.006686540560126408e-01
4.820218363486676871e-01 -1.401306611765407995e-01
1.463364175814486190e+00 5.115322290132248151e-01
-2.563305138873471556e+00 -1.101614212819695515e+00
2.312517367473516217e+00 1.400707752596956235e+00
2.124968957565296357e+00 1.377590097663935920e+00
1.339937044046260128e+00 2.468307593825764812e-01
-8.401539448365196172e-01 -2.807135850928560439e-02
-3.478281455944034484e+00 -1.194392921216068437e+00
-1.022500348508282197e+00 -9.307924510120384465e-01
-1.119912875507446559e+00 -8.349431203127726242e-01
1.933482990415549718e+00 -8.136126218862749226e-02
2.897753816419077921e+00 9.427153934453491591e-01
-1.543000730316319569e+00 2.935095392673794379e-01
1.867232022965263250e+00 7.647484077354078646e-01
2.123844970804820598e+00 8.263063203651148658e-01
1.514447918505661850e+00 6.552950221652320550e-01
3.100959176747027368e-01 1.452727288879534784e-01
2.208198240655142863e-01 6.010139450165665753e-01
-8.572183034184486239e-01 -9.241322139169492189e-01
-1.456342889607334656e-01 3.037152276177455534e-01
-4.581872635909331137e+00 -1.715895503386690724e+00
1.500418483741263964e+00 1.018206448482033455e+00
6.948487815902102405e-01 8.486011852217030249e-01
-2.469426852804669448e+00 -7.288046162486263579e-01
7.991549280076419848e-01 1.496294729956478553e-01
-2.416680568954517661e+00 -1.839752993978407414e+00
-2.374651464867212347e-01 9.976059618277823005e-02
3.277250874249295065e-01 1.505917010449341065e-01
-4.529535559377678156e-01 5.528986946590241924e-02
-2.759070843825425001e+00 -1.758902469774221711e+00
-2.374074469082368743e+00 -1.300158330908167015e+00
5.959339582588006889e-01 7.776776724259229501e-02
-3.001646890496069697e-01 -7.001562614765771686e-01
4.313736827099836191e+00 1.256037512765668218e+00
-1.092607224726526161e-01 8.648506531455858459e-01
-2.993064072851576718e+00 -1.383827685424606768e+00
1.184131813698930724e+00 5.639506545762228429e-01
-1.634772666622932302e+00 -2.546958625351434802e-01
-9.328924377980957194e-01 -8.408046780072671034e-01
-1.270186531963278798e+00 -4.489882764999748033e-01
-4.177470308117102071e+00 -2.200300258252856356e+00
8.896219387532696699e-01 1.128168107436083423e+00
1.433364029433870090e+00 1.607820718811495908e+00
-1.556415264565501388e+00 -9.819831605600746194e-01
5.497092016188530605e-01 2.875515198150671581e-01
-2.037365101493466835e+00 -4.778925920931257343e-01
1.830060032114245727e-01 -1.665156870791454080e-01
-9.123334030432851405e-01 -3.924748738364454148e-01
-9.430623620900734361e-01 -3.503461004952910240e-01
-3.675501018944857812e-01 1.115970128131082983e-03
-2.461625913791581910e-02 4.194303938560732803e-01
4.923515711476629697e+00 2.333544428700776052e+00
-1.468669881321603699e+00 -1.451502369331080899e+00
2.831234836802324129e+00 1.176502983043481221e+00
-2.821070759818808504e+00 -7.985506582122789965e-01
4.076406569921637302e-01 3.260424389517362354e-01
4.710763145710456179e+00 2.545674698471296349e+00
-1.400972183683309114e+00 -5.949711966371009630e-01
-2.280319840568243439e+00 -7.088939337743811464e-01
5.572530743882452953e+00 3.027942287344776329e+00
3.442653415145171092e+00 1.553964557166683580e+00
-1.514903672261939671e-01 7.070265813232654573e-01
-9.138563557295458217e-01 -8.587264161758072500e-01
-2.088993973815633787e+00 -1.481298463162199486e-01
7.819559004077716868e-02 -2.448844893648834953e-01
8.999212972804074839e-01 1.602824685080696809e-01
2.917948917291779853e+00 1.535871307261481800e+00
-7.108803333418509673e-01 -7.421392638372432682e-01
-1.173206106891634626e+00 -1.243665947669764016e+00
1.811995022432589808e+00 3.699507510230995444e-01
3.341633367461998017e+00 1.872154383813435130e+00
1.529898173259047089e+00 3.873993598444375186e-01
1.015609127655546340e+00 6.586338473084507594e-02
1.852956106998041141e+00 4.216068405239143391e-01
1.531115988441991593e+00 2.554363723691334132e-01
2.637970331121948675e+00 5.202056662766988415e-01
-1.086607515330847429e+00 -5.083150565067973137e-02
9.693473879334194021e-02 -2.989720715462352851e-01
3.310234515486593088e-03 -2.093295617810530529e-01
-2.101956495134944536e+00 -6.104203960792519146e-01
-2.385336074567784292e-02 -9.525669529237943411e-01
-6.424518066439609321e+00 -3.701698030659364314e+00
-2.134895626140155933e+00 -1.761885901294462542e+00
2.631215427468779122e+00 6.632945269284369338e-01
-1.468126237512622723e+00 -8.457597820181009807e-01
2.022223195994091061e+00 5.736158075606470064e-01
2.386434238954184828e+00 5.485744187719575615e-01
-3.090838703023816580e-01 -5.723280782061948013e-01
9.771622410998266339e-01 -2.312469450162836226e-01
3.940988924749866840e+00 2.431268795784223169e+00
-7.637419985977037529e-01 -2.711875656067247453e-01
2.485926283683074001e+00 8.423708289474234334e-01
1.397902779758121827e+00 5.348301849590586521e-01
2.500308609321422182e+00 1.049040307834409935e+00
3.816541355350974385e+00 2.559921142223804402e+00
-2.163708994156937404e+00 -1.373010097854958422e+00
8.333620649126020907e-02 -2.253938752401370982e-01
-2.937878047744657994e+00 -1.028972892229415237e+00
1.499947945219697543e+00 4.245907214300568278e-01
1.367803117385540057e+00 5.236100442434401536e-01
-9.858825923820012660e-01 -1.232446549328025664e+00
1.415630522377875344e+00 3.944620697087185546e-01
-8.597988132582521370e-01 -1.024630859329184740e-01
-7.941875398023106047e-01 -8.341105845266030272e-01
1.250394727180565990e-01 -6.165696820666303202e-01
1.670801646826844511e+00 -1.707362662789781993e-01
1.158269880115695427e-01 1.032687263394854060e+00
2.826811786102679580e+00 1.278916046960322239e+00
1.326878908939513435e+00 9.580900386686462822e-01
-7.088120169961099615e-01 3.233641716581875380e-02
-6.170877612292345882e-01 -5.918272483701028097e-01
2.935807600350076818e+00 6.998587307992014672e-01
-1.096642508880810052e+00 -1.402639467704603904e-01
7.670403679552304510e-01 3.091638516255764690e-01
-2.618890971960827319e+00 -1.348738696047814711e+00
1.616705976062216832e-01 -3.229194408931891358e-01
1.052816233045045902e+00 3.271803698157722540e-01
-1.660044413481119585e-01 5.784048406799177644e-03
-1.117996683216734066e+00 -1.391679531982265017e-01
2.482966972358997104e+00 7.475931298617184417e-01
-5.850818426417618845e-01 -3.177946932287026294e-01
-2.111352461133419123e+00 -2.069156785404198118e+00
-3.242991528465531959e-01 -7.103062824039527712e-01
3.115805142308539555e+00 1.457719923636977777e+00
1.258158590060673987e+00 1.035558983738510963e-01
-2.401139303401484959e+00 -5.682461185166628459e-01
-3.094278723840681256e+00 -1.736027837177691158e+00
2.232168717849965511e-01 -3.612830785442621706e-01
2.778237526791595080e+00 2.083383061541899117e+00
2.318242573396238626e+00 8.666378321275709506e-01
1.196338587875718895e+00 6.165794116085727694e-01
-1.446712640879205036e+00 -6.430573348960628710e-01
3.855515155835969487e+00 1.345593434359280138e+00
-1.034286774397211173e-01 1.919689221496052867e-01
1.213816261560299870e+00 4.823802652036843219e-01
5.027827914549076738e-01 4.319048977316722882e-01
2.872470567596543845e+00 1.943870213010910675e+00
6.910219860915849388e-01 1.005442608040600705e+00
2.219821892529748819e+00 1.506682360354617556e+00
1.189548450778663780e+00 6.945970154580481948e-01
-3.611125797479154187e+00 -1.616181200607953894e+00
1.112175146083481114e-01 8.229659793208545793e-01
-1.945582349699910729e+00 -1.514024423584039658e+00
1.865575251022220993e+00 5.361940069098971584e-01
2.555929637313076874e+00 1.519070797313836207e-01
-9.771437067208437188e-01 2.012841097485434383e-01
2.107819555602453931e+00 7.040429146331617094e-01
-2.227237320431490808e+00 -1.014863657449855960e+00
1.882047678539945368e+00 5.680004073225350947e-01
-2.592718736280909653e+00 -7.475476161744433190e-01
-2.704672766869494538e+00 -1.824161039650697980e-01
-7.922809884834024485e-01 -8.452721982182016536e-01
-7.993480331461007005e-01 -8.544864818226323155e-01
3.393141930131620576e+00 1.122711700729750683e+00
-2.412509241278466554e+00 -8.185219652412895064e-01
5.444541833156444355e-01 9.038533932753314293e-01
-2.677918943079860004e+00 -1.924002236172000169e+00
3.226107783252663008e-02 -3.222198818566670564e-01
1.151987341525495534e-01 1.025634973697735930e+00
-2.128770331930579796e-01 -1.388824695676443011e-01
-1.763476811426667235e+00 -4.658464349029485807e-01
2.207638945891616244e-01 8.477357080189195093e-01
-1.096167911326681343e+00 -9.466729530313866547e-01
-2.388455769506469206e+00 -1.452733007731452641e+00
-6.855634488798562076e-01 6.712790549401483897e-01
-2.432084270198644926e+00 -7.091125900105739177e-01
3.585377679012189844e+00 1.532521562680872806e+00
1.049248176576992542e+00 -2.388033032590785032e-01
-2.029346154377033251e+00 -1.189644319870351241e+00
-2.746609483616710090e+00 -1.055421510367302140e+00
-2.031675060127709820e+00 -9.106876564342071267e-01
1.017208441789746010e+00 6.979416718548412391e-01
-2.949469065054872274e+00 -1.551079211470322239e+00
-2.793231775216184487e-01 -1.715160584589196235e-01
-1.163817269817988276e+00 -4.315044735691225819e-01
1.088708722142358809e+00 5.751157490138100181e-01
8.955298626715286758e-01 5.647904814502762161e-01
4.004941297122761590e+00 1.527029381960559373e+00
-1.308982752588858434e+00 -6.534123294303619822e-01
-4.080041121930785275e-01 3.894466927515466415e-02
1.558521923489347483e+00 9.677401115657762176e-01
4.254587542762660601e-01 4.476107856956875741e-01
-1.486871642296393681e+00 -7.721981814688329004e-01
7.905797314906001239e-01 2.283769078902367355e-01
2.227037364387048246e+00 1.542886271128638853e+00
-1.885971300191237265e+00 -1.630383794692992883e+00
-2.998410545845120900e+00 -6.926232982987743370e-01
-1.156406964867105591e+00 -4.076617645304779214e-01
1.834182429857269314e+00 8.128788536925219965e-01
-3.504292751171940612e+00 -1.199973687819094970e+00
-1.286514940458139744e+00 -1.471968500612694353e+00
-1.384801919554010885e+00 -1.473656296636617569e+00
-3.478107774355275517e+00 -1.214847222308317320e+00
-1.557071328633434337e+00 -3.165074371956736465e-01
-1.968964749815121651e-01 3.847157316267112992e-01
-1.979703420895151167e+00 -8.770744756629865746e-01
4.294587858921532497e-01 7.782704036082069843e-01
-2.133231670332633279e+00 -8.710697840304848505e-01
2.347606737022192025e+00 8.477009577277855312e-01
3.508046138459146146e+00 1.148053924442342000e+00
-1.191540536085744506e+00 -4.469517930020625585e-01
-2.642367600706139630e+00 -1.044173792136428025e+00
-2.118576362232731380e+00 -1.519312077974890318e+00
7.530205289716032091e-01 6.862062549115698351e-01
5.210544709334207214e-01 -5.695536245879126991e-01
-5.654219762096965418e+00 -2.754944579128980831e+00
-3.358293568051134770e+00 -1.963233417648466261e+00
2.508590549369112299e+00 1.411542459011287942e+00
-1.195036249720470067e+00 -3.465652886803761157e-01
-1.414521210712866628e+00 -1.346273937208863458e+00
-9.891939374607995328e-01 -5.180552942826206486e-01
-4.605620125389037867e+00 -1.666023740455727653e+00
-1.489847637515083090e+00 -1.235219151300254392e+00
-1.924177029287847729e+00 -8.423213100915688534e-01
6.377399034862640814e-01 9.259963417968497534e-02
-3.611389204523026475e+00 -1.459221697769339521e+00
2.049990871228910105e+00 3.152122155889468536e-01
1.901647253469812560e+00 6.823027915189625592e-01
5.761415558457443353e-01 -9.154063458950340015e-03
-3.491247792052417642e-01 5.212557556878913978e-01
-4.597471822262445829e-02 -8.845540836070489576e-02
-5.701934565394487509e-01 -6.272331575231946399e-01
-7.853092921433180162e-01 -2.128449817937372868e-01
-6.774054751386427986e-01 -4.175300970970570735e-01
-3.958922525497826084e-01 -3.683855089376830150e-01
2.670194668591929776e+00 1.384001708854074808e+00
-1.455526818038284764e+00 -6.401273038026713547e-01
1.980299001119802504e+00 2.310358039111046757e-01
-6.349337819600528454e-02 -4.534360188822381121e-01
5.321472845818369102e-01 -4.581019828308243169e-01
1.138446808713992731e+00 7.180621096221523336e-01
1.900202460872248311e+00 7.470451301373548514e-01
-4.494079685797029988e-01 -5.587208204986702231e-01
-3.951677373305191310e-01 -7.139607234991907081e-01
-9.359388826234791292e-01 -2.884045128314928763e-01
-1.684160003419716167e+00 -7.388180360394136503e-02
8.434768812138387917e-02 -2.895434429313715197e-01
-5.606816800283430879e+00 -2.326261125097032867e+00
1.056514037764902797e-01 -2.200321985649225376e-01
-2.450956862266359337e+00 -6.396316162318098630e-01
-1.221322461178244501e+00 -6.452270790225247410e-01
2.295150935666187275e-01 2.559901018721392196e-01
-1.907390815024339492e+00 -3.835767684043582260e-01
-4.213325482197703975e-01 -9.312164914269343008e-01
-1.918577837210145631e+00 -6.343699382481478022e-01
-2.109918820447571619e+00 -4.401753903905987753e-01
-1.693530108625039610e+00 -1.659293106880241231e+00
8.468212631516376376e-01 6.773862365643590344e-03
-1.085749680367676273e+00 -9.995416055072023909e-01
1.138088629354012005e+00 5.738331211974786461e-01
1.711559220678391668e-01 1.023699859505770166e-01
-4.684965495928178347e-01 8.682930260721172244e-03
1.060765788256273767e+00 5.519018492496833295e-01
-2.224436223741736995e+00 -1.209087537858535288e+00
-2.080889452064506706e+00 -7.354561382673167058e-01
-9.229292685177170608e-02 -4.780555955291969639e-01
2.014121132630881383e-01 4.050126369906121848e-01
1.624274887724744154e+00 6.244517071360542460e-01
7.712797432362586414e-02 -1.651758568294184049e-01
4.915723434605028808e-01 7.677392593208550720e-01
2.093420598084862583e+00 1.347667008305706959e+00
-4.970569404777133826e+00 -1.959416397447524494e+00
5.629649397037480574e-01 1.806720544012724305e-01
1.768967959576625226e+00 6.212343208322782528e-01
8.254953709767574033e-01 8.115758733708243744e-01
6.964611874150736792e-01 -3.500503935887580020e-01
1.810706269329009910e+00 7.403966946061367738e-01
-3.555609957264466825e+00 -1.314021338343807299e+00
-5.706092098194521789e-01 3.577062003970776782e-02
1.999820637100500509e+00 9.883910606139623134e-01
-6.362243056891835558e+00 -2.866983759020829137e+00
-1.460801868879273657e+00 -6.707004222837279483e-01
-1.044470067751358533e+00 -8.245561940665773193e-01
-6.138480287273495595e-01 9.806961044555903562e-02
-1.670293284847578441e+00 -8.737905784288425570e-01
-1.915920320966995050e+00 -8.860723400851028275e-01
2.959424570073743710e-01 2.828067380990812452e-01
1.226502983727717044e+00 3.709647476606481309e-01
1.340310449825796169e-01 7.806627186189193379e-01
2.597448448936229948e+00 2.742435516064581913e-01
-9.508181992645334812e-01 2.977117325022607397e-01
1.250667646056137450e+00 6.571120073703695663e-02
1.087876900541132619e+00 4.553201442494612117e-01
6.813007526539691661e-01 -1.623333796854972699e-01
-3.508320714325511513e+00 -2.400833741248511899e+00
8.713107703169253870e-01 8.440239129712975297e-01
3.817007198612865082e+00 1.096583445395241441e+00
1.348143294742667031e+00 4.405252544637194290e-01
7.727571504127740409e-01 4.051594806518893921e-01
-4.628807063076302519e+00 -1.584805566958388257e+00
-2.169357626595103561e+00 -1.038005750696013196e+00
1.576111915469673219e+00 6.712750361653581077e-01
1.783935276059483543e+00 7.397499044055294570e-01
2.475887402707315665e+00 7.273267006344354968e-01
1.798032121873969214e+00 1.338294171089065454e+00
1.821684080087495827e+00 1.211666048349059110e+00
-1.355264582678393781e-01 -1.993854221274629079e-01
2.770994158648257599e+00 1.208368432744806764e+00
-2.051574521717104638e+00 -1.543678473119435735e+00
2.938958364546600421e+00 1.362594363822527077e+00
-2.888652585430618647e+00 -2.039386590548120992e+00
6.430624068990824505e-01 -4.691685688191966630e-01
8.639210288550883687e-01 8.590935124403312750e-01
1.409227683330768421e+00 1.625522036687793825e+00
-2.173603963714133336e+00 -1.153728176489309698e+00
-1.699319182936060102e+00 -1.240870311929485048e+00
1.595815219978827582e+00 5.187012681004992132e-01
-1.128700031963599582e+00 -8.195636921617814874e-01
-6.200158095191506957e-01 -8.434426787760858080e-01
-3.476715602347706824e+00 -1.658461239660911968e+00
3.320344236091812729e+00 1.424767454769077180e+00
2.264904958978298577e+00 8.971621467088097823e-01
4.577889248044252346e-01 4.238899932446659746e-01
1.016869044938311761e+00 -1.669600628681771615e-01
-1.914627604218072099e-01 -9.126866743956894013e-01
-2.658838748648240546e+00 -5.743702581485520264e-01
2.022157013370208478e+00 5.872364356421609921e-01
8.108728913353948631e-01 7.755171182455049550e-01
1.244243802785111486e+00 6.072748678797107447e-02
-2.054611691954846830e-01 3.111466091169284298e-01
2.086972126128876059e+00 5.108057959292782169e-01
1.306413667146785640e+00 7.515850302194413413e-01
2.116722597785293480e+00 1.592414340864725997e+00
2.559315758614353786e+00 1.660098816636208507e+00
5.923302892153229360e-01 3.588140956111734448e-01
1.250288114729523503e+00 1.317685325550599917e-01
-4.744665759898287760e+00 -2.184982720926037292e+00
3.194926471505012522e+00 1.242565131093975150e+00
8.873378144965780034e-01 -2.778949727673983849e-01
2.036184883482891728e+00 1.655139351034236928e+00
3.313122831024819970e+00 1.693339411802375016e+00
4.281812179868549784e+00 1.935797669188094927e+00
5.204064662170877487e-01 4.199815682494648095e-01
-3.117960331982474464e+00 -2.208583625929410488e+00
-4.485141432773847581e-01 -3.552661804118143474e-01
-4.825280793832559256e-01 -4.063054876545844074e-01
-4.030954727379738589e-01 -3.481161920379841068e-01
-2.648512474631295355e+00 -7.898750583092708499e-01
-3.066256839666113176e+00 -1.539541508336653708e+00
-6.579448216020722384e-02 -4.237099451687554863e-01
1.019746954884556134e+00 4.102502591574765378e-01
1.382204668592406760e+00 6.189533135995358704e-01
-1.632487770046286313e+00 -8.198585011057892835e-01
-2.427830840115044186e-01 -5.843354701821675823e-01
9.439096821033261531e-01 2.704303544574264695e-01
-2.125647769769843709e+00 -5.640633763174229820e-01
-5.741730568856324712e-01 1.865767616252080596e-01
-2.408066508588378341e+00 -6.573117047605274710e-01
2.477243359152564661e+00 1.697997960504387338e+00
2.247637136593991336e+00 6.764635217997213568e-01
4.742912250461804868e-01 1.080431772412368652e+00
1.622946200864469279e+00 7.282430960198434944e-01
1.640890682639162046e+00 5.053564407974939776e-01
7.896383883106445900e-01 4.571596388792906196e-01
2.154923262374523585e+00 1.661877334727258626e+00
1.733905270261097697e-01 -1.484280150202237913e-01
3.090868895436924113e+00 1.900443252980507092e+00
4.695735812724686653e+00 1.984513731596794894e+00
-3.518997556220971878e-01 -4.191748951834715076e-01
-1.478736235076544503e+00 -1.908663946522161092e-01
-1.169027132147015591e+00 -7.659543208708918804e-01
3.451831236402302938e-02 1.833642568746306767e-01
-3.508851658359729786e+00 -1.731806639847977447e+00
1.757210691523624524e+00 1.403798501027209156e+00
3.573176670530464616e-01 7.117541602683438162e-01
-5.857439665627195424e-02 8.718786995891411040e-01
1.979916834188159891e+00 9.383995171934724766e-01
-2.459800231914781143e+00 -1.278841762466880638e+00
-3.117967869160922501e+00 -1.413036824402401859e+00
2.758274190971480300e-01 6.362957597059808457e-01
1.135859822283418863e+00 8.971038387377834322e-01
4.375322708813448314e-01 2.190322307151444381e-01
-1.497247573808268228e+00 -8.625498239266486955e-01
4.754309139160753372e-01 -2.451274422641907536e-01
2.375228744713575146e+00 1.364404074826953694e+00
2.811312365685510350e+00 1.007442561233842682e+00
-9.097825420915742756e-01 -6.992830721702101293e-01
2.789741761769292117e-01 3.439316427705810808e-01
-5.617962136386509542e-01 1.438405456544278871e-01
-4.751969716204460958e+00 -2.001824541363072196e+00
3.913670081798498179e-01 4.296549461715690188e-01
-2.064178723131298909e+00 -2.213270282256010191e-01
-1.598708539199683587e+00 -8.434544969707655770e-01
-3.026618715484421074e+00 -1.622236607255149288e+00
1.134161688653050115e+00 4.982533556675967090e-01
