4.235195182162123650e-01 1.098195267091613525e+00
2.066223525825361396e+00 -1.024992030042070734e+00
6.531398547582403791e-02 1.375456019334492519e-01
-1.963823562245691656e+00 -5.300974349836472532e-01
-4.067270735272250359e-01 -7.074294224105297513e-01
4.446795816704325333e+00 -4.552013731321701284e-01
2.852415096546567774e+00 -5.476369583303388744e-01
-3.183351846552490705e-01 -4.651776627151714694e-01
1.361858007646984170e+00 1.937119549709692246e+00
2.118967191930805072e+00 -6.770148588739022255e-01
7.520083275380587406e-02 -1.577694955671641974e+00
-3.401771996382433882e-01 1.422045844396596426e+00
6.518883293441247728e-01 -3.025533652817508079e-01
-1.176359527177134545e+00 1.102451596111552856e+00
-2.176369126806732446e+00 1.158129959224267133e-02
7.812760411196731924e-01 3.541313015051880675e-01
-1.975594523443612305e+00 -1.017218497145046419e+00
-8.808674766073442131e-01 -1.107326329564530948e-01
4.331696707980871031e-01 -8.436496061222216181e-01
6.749910691106776606e-02 4.007271592579745856e-01
-1.292015653740569703e-01 -3.144251221531486201e-02
-1.668390164888832183e+00 -2.076628168328385815e+00
2.616283526696939532e+00 -1.274646525540177544e+00
5.285036845354514901e-01 -1.435233153847687682e+00
-3.638441152951969043e-02 -1.279558356233533090e+00
-2.255588402452075869e-01 5.155060629444772058e-01
2.372469216114545254e-01 9.914668829090350632e-02
2.137457302168397799e+00 7.297218626709467415e-01
3.258974394140161657e+00 4.561778642671732720e-01
-1.245586305782854092e-01 -3.253482709370965620e-01
-2.687811903784946832e+00 -1.208214233820623651e+00
1.302470249283980107e-02 -7.107730078305731294e-03
1.686209889120210859e+00 -2.053273156837885249e+00
7.318163919484225177e-01 1.057754275775219188e+00
6.729775617431978940e-01 9.734794286735259927e-01
1.108508452693859114e+00 1.774491429807861786e+00
-3.123402413230464525e+00 -5.010718125042240567e-01
2.291546237046409307e-01 1.396929253117972891e+00
7.370405089577747315e-01 -6.201097574817122648e-01
-3.804043854180670925e-01 2.409848658150966827e+00
-5.198855149502993322e-01 -1.456614953094950371e+00
1.078537438731534959e+00 9.932633889502425761e-01
-5.523450559791426295e-01 3.458122703948409149e-01
-3.523317578485974516e-02 -1.218791965550038991e+00
-6.629115169553251308e-01 -2.035810010510739065e+00
1.185131458097840484e+00 -1.081050474788864402e-01
-2.197352706516088272e+00 -1.326299860050187407e+00
-4.824189822629013413e+00 -8.270694359355235115e-01
-2.496533137697797000e-01 3.786679928463215217e-01
7.428775420638390470e-01 2.377585880773328775e+00
-1.571053160661206149e+00 3.147237987904604739e-01
-8.455036396163697621e-01 1.006048836841684224e-01
1.219332012278657833e-02 5.438277684700714570e-02
1.396852670502804816e+00 1.824533926484764645e+00
3.552016365564033412e-02 1.103020677315653675e+00
-9.928697553971777001e-01 -9.434612791897544204e-01
-6.806539530797615090e-01 5.675149232107555564e-02
2.459758065457630316e+00 -1.656258403958754233e+00
7.018339084597585709e-01 1.088010382664558628e+00
-9.509699166866292241e-01 3.156410673071474160e-01
1.432170854368115975e+00 5.279523170198522353e-01
6.973740524426510490e-01 1.649268672845227268e+00
-3.337388895911132636e+00 -1.246973259414863922e+00
9.893176106292248528e-01 2.311474767779650719e-01
1.821070455572354918e+00 -2.784611279770456971e-01
-3.689558535329236388e+00 -9.287110870303773025e-01
2.940529334274173401e+00 -4.482521184692280780e-01
-1.272280448834980371e-01 -9.091010070702418844e-01
2.701218109046320315e+00 -4.733303422730257282e-01
-6.157188655814725964e-01 1.867008043788352112e-01
5.167904093486042072e-01 6.412483648006835069e-02
3.273062493051034361e-01 -6.756505634881687650e-01
3.384997499016312084e+00 -8.493197539927584971e-01
-2.053432649431548906e+00 -3.686251982587617215e-01
-1.469993060218371672e-01 3.744319310015051250e-01
-1.027260984321850090e+00 -1.249135092265611702e+00
4.183158803464766429e+00 2.369906804182592974e-01
-4.078240764526430695e+00 4.283198055567231655e-01
-5.394374181158121395e-01 -7.977757366933641014e-02
-3.080789025355428756e-01 2.330976971905334150e+00
1.419272697391356308e+00 -3.212079623569109033e-01
-3.165910944872994404e-01 -3.206043877246825269e-01
8.094465754060927720e-01 -1.486163140091417978e-01
2.279296625518450803e+00 -6.271990092357492275e-01
1.324247056071941264e+00 -1.226860523000583569e+00
6.457214915959817725e-02 -1.024159921347556512e+00
-1.658537269107460688e+00 -7.380490962124044430e-01
-1.621793172229665014e+00 -1.315066255271061246e+00
-4.937331935470488098e-01 -8.312093905593678778e-02
1.557148436249159884e+00 -1.729405507127237618e+00
2.896451262592605769e+00 5.363782606255518282e-01
6.915489250103625807e+00 -1.497745354786078398e+00
1.355031921824356944e+00 6.358291338017617589e-01
2.051998043438266972e+00 -4.298562049672213781e-01
-4.459859466213624835e-01 -4.129643298593295153e-01
3.086401801761819552e+00 8.043132286015313159e-01
4.559341688540752280e+00 -6.611584086689075157e-01
1.578492699789133091e+00 -1.342220693409935883e+00
-2.059032244129006983e+00 -8.810481671795833414e-01
-1.918845810018122933e+00 1.200679731967252417e+00
3.927713800139085998e-01 7.090219805002085929e-01
1.892934257004683429e+00 -1.662154476375000467e+00
-4.786964795408829021e-01 -1.330266002437783479e+00
-1.290472170385515316e+00 5.927816530556188068e-01
5.029660042027875200e+00 2.481699294662194077e+00
-4.292124636185811859e+00 2.952315559951276258e-01
1.910551465613867350e+00 -1.770217722042614517e+00
-2.553460476889274910e-01 4.425887385395275708e-01
-1.207791003487227011e+00 3.195685307372805872e-01
4.881301343379106927e-01 1.154997055304821441e+00
-3.513604029958142250e-01 1.418813952971347270e-01
-2.386328480242783545e+00 4.351412146601222886e-01
-1.070059639059490336e-01 7.045995182330304640e-01
1.789356712273936667e+00 1.508597535010005819e+00
-1.097317760138976750e+00 5.371898227291961314e-01
-8.847908876736017003e-01 -1.965589129713780636e+00
-1.042651589910401910e-01 1.741995668677888409e-02
-1.839497061653347476e+00 1.854900842056671717e+00
-5.676880484338703292e-01 8.023897459870170668e-01
2.371361678520624405e+00 -1.149608490649907111e-01
1.424501958263009405e+00 1.667254366055713477e-01
7.210923763115050233e-01 6.589231462388447369e-01
1.171107448427880504e+00 1.583360907090092029e+00
-6.528346873717236765e-01 5.223349611363597989e-01
-1.265742161358023588e-01 2.351728350611263174e+00
-6.799399375396484313e-01 1.162021524220570035e+00
4.428925999853425277e-01 -7.608364426838030159e-01
2.040315708379327297e+00 1.599459838424153624e+00
4.025054126454915782e+00 -5.306433166102592081e-01
-2.132600280317529684e+00 -1.152251044508493472e+00
1.073029893412536517e-01 -1.165556519742597441e+00
8.899189399980941273e-01 -8.641898336726548946e-01
-3.922798575999929760e+00 6.288450066530064664e-01
1.095317984381986021e+00 6.473203851783595475e-01
-1.303411054502877642e+00 -3.187674479330548372e-01
-5.866638182925426603e-01 -9.375626819330530326e-01
1.170469984838285793e+00 4.421182435838554303e-01
1.945602530471364666e+00 -1.913143469069827018e+00
4.210985085194878685e+00 2.203300985497306241e-01
2.235573892562071396e+00 1.675449294974697301e+00
2.621759418286617738e-01 -2.827822337291363008e-01
-2.134948796594246634e+00 -9.070663265593361668e-01
4.786153293094932981e-01 3.841348446616478784e-01
1.065705210878221232e+00 5.669863935376121544e-01
-1.791786331423644851e-01 1.407082292865873496e+00
-2.179223106328090243e+00 -6.606683613501037611e-01
-8.951904071783305383e-01 7.225850685065747792e-01
1.983886926077834012e+00 -1.308414576911056226e+00
-2.564465245248007119e-01 -8.470682041628697645e-01
1.233866810711099216e-01 2.039131488673808335e+00
-2.953138756147127175e+00 -4.068908235123956385e-01
-5.970353274821234013e-01 -1.825322002326435822e+00
-8.094153909666919056e-01 -9.896717151385794886e-02
-7.728523028492529923e-01 -7.487373375636442729e-02
-5.322068921417141274e-01 5.224218165992112750e-01
-1.049815465953513716e+00 -3.296240414251406792e-01
1.356346628268055854e-01 -1.749939982124654403e+00
5.507975228063858308e-01 -2.518942917611299404e+00
-2.260604064018577886e-01 9.076919977059294542e-01
-4.891294906725381919e-01 2.516606650308196858e-01
-7.225852665740968295e-01 1.507810769282942553e+00
-3.366736209424192605e-02 4.584015618668769165e-01
6.115679659735338003e-01 -7.566379209322797728e-01
-2.439958081133647205e+00 -2.496328400090019606e-01
-3.082565458701539640e+00 6.106754481065653772e-01
1.320285022956111165e+00 3.267137645316792183e-01
8.993989573235230406e-01 -1.915813480581843642e+00
-1.972826659982132469e+00 -2.029365596221404111e+00
-5.927775816041021967e-02 8.661667705564241038e-02
3.297886644662328504e+00 4.046391506979558073e-01
1.370555691585390590e-01 6.049042460958233836e-01
1.067787830912248825e+00 -1.857301983971453962e+00
-2.119815488421798122e+00 -1.009676997284115307e+00
-2.175710745183892403e+00 1.473597116729619572e+00
-3.223212555195148488e-01 -1.533453852857348476e+00
-3.140691734003351776e+00 1.150928882782203067e+00
1.122799671059499182e+00 7.558361924026576473e-01
6.502958745643832028e-01 -7.385347099145282701e-02
1.156242047087682412e+00 -8.413719109611744740e-01
9.239861993799103335e-02 -1.171078876544142666e+00
-2.006628893939379044e+00 4.227426026986733087e-01
-7.709046675019184391e-01 8.386599306635451612e-01
6.570164597765788123e-03 8.411324395821245803e-01
-2.056511049757786758e+00 2.319897897556089550e+00
2.435086532057517683e+00 8.524445367169400378e-02
-8.449039556057510447e-01 9.093420577752924228e-01
-1.779001353532487562e+00 3.892621908401425745e-01
1.646337800648103533e+00 1.239078574903667684e+00
-2.543024246503811647e-01 1.258511222975344568e+00
4.899368702640487516e-01 -1.436763174605226956e+00
-9.722961572597473012e-02 -1.368179332094523915e+00
-1.171696698463432051e+00 1.306601886389412437e+00
-3.072420283082514469e+00 -5.086949891814888103e-01
-4.131586941217089692e-01 1.846435884013137407e+00
-2.302797872593671524e+00 -2.461582565946874024e-01
-1.615831950151721541e+00 -2.385377983724171536e+00
-6.626930832536909177e-01 -2.514424320487195219e-01
6.109932878164207048e-01 -1.077395674538336179e+00
-3.943589309150152378e+00 -6.893027299176994749e-01
1.686931575713785936e-01 3.007066972449696785e-01
1.402502453724714382e+00 -1.618714557681781574e-01
-3.014146766627135321e+00 1.737886452062784581e-01
-2.077434624676596009e+00 1.725169093073906978e+00
-4.661948440410799976e-02 -5.347904594470116457e-01
-4.714511421437987959e-01 1.590043565218783872e+00
1.525385268513330006e+00 -1.862691470322803466e+00
-9.900705193535743742e-01 -1.110723588189913125e+00
-2.996457590911560387e-01 -1.331630653354757499e+00
-2.282924654516397478e+00 3.433483808857295400e-02
1.191146192511429058e+00 -3.935032731624271141e-01
-1.773851030963301822e-01 -1.052963851480029467e+00
-1.323217902850376992e+00 -3.353363696464180532e-01
2.701155280239647460e+00 1.238130923216360202e+00
-9.341429568480232870e-01 8.292200726247198617e-01
-1.325841515225172906e-01 -4.074426991085591809e-01
-3.642493892772635244e-01 6.335266113548762013e-01
5.290691433606764527e-01 6.943907916477527476e-01
-3.232465647839509959e+00 -1.217228686311849994e+00
7.020494995213691913e-01 -1.228393564283063899e+00
2.578468723936223839e+00 4.548505998427524455e-01
3.142348341232317210e+00 -3.756731524701311664e-01
3.935060811150492110e+00 1.086398436148647839e+00
-1.185692658273376082e-01 4.511109862307991492e-01
-2.384564482808792185e+00 -1.333565103152051790e-01
-2.542288867151780152e-01 1.297006061147246037e+00
-1.847109995615758171e+00 8.925020099122161765e-01
1.422519213063543564e+00 -6.213242362552027359e-03
4.526851418270048555e+00 -3.084653321640562496e+00
1.823410749313698342e-01 1.824154080794044397e+00
-2.440233549294013926e+00 4.880812293933862178e-01
-1.527568586578678334e+00 -9.846032973386176224e-01
-7.132718627847587367e-01 -1.035971639219443574e+00
2.194490350367888531e+00 3.722668216546496933e-01
1.634913626983805157e+00 4.104087283102297173e-02
-1.090334175945691486e+00 5.496054072986115147e-01
-4.240913061750135882e-02 7.833333016418219108e-01
1.355258895265656571e+00 -8.516008326058478461e-01
3.724308555496749773e-01 -2.754111865179213470e-01
3.071156355914841818e+00 -7.231752035717816662e-01
-1.034717772169136074e+00 -2.923996017664332592e-01
-2.007700917179338518e+00 -3.391206462478895678e-01
3.286327840111480381e-01 6.189737833309645332e-01
1.918724917689709875e+00 7.925778743323507181e-01
1.414564353806243346e+00 7.562014747047862695e-01
-4.287477632666484850e-01 -7.807310903391849743e-01
-1.245106725473160529e-02 8.711795829710692329e-01
3.111074098446517500e+00 -1.234158617166978417e-01
2.754642501374316765e+00 2.053742508120069699e-01
5.181582212436314450e+00 1.567216127356708399e-01
3.930393968271232441e-01 9.926644836582788622e-01
5.754545254918975727e-01 1.186629298758928197e+00
-1.403748904651489049e+00 2.345051494671375636e+00
-6.941592872249638946e-01 -6.370802825767877264e-01
-7.975140982080113350e-01 7.924275104898542699e-01
3.231340630814594661e+00 -8.890546378892323354e-01
-5.038994423498803776e-01 9.079765346359057743e-01
5.992820912790731702e-01 7.314564151276028436e-01
1.555442158018233989e-01 7.034293701626559425e-02
-1.576575052159947532e+00 3.780060230150552036e-01
4.979354632304966444e+00 -3.275473079909208551e-01
-1.704630788323566959e+00 -3.595288256928186876e-01
1.003494169661222957e+00 -2.370300775636794213e-02
1.827804001865102723e+00 -1.975677245779271507e+00
3.131718736150193916e+00 -5.424206330733905013e-01
-1.569977971141581552e+00 -1.135238296722259621e+00
9.430154416553819807e-01 4.363466849954043547e-01
-9.866022689922209210e-01 8.328685475419420614e-01
7.858287785141444548e-01 -2.124188455161012401e-01
4.280823150943822708e-01 -8.847013378905084213e-01
-5.500720713848407106e-01 3.319503750621330407e-02
2.002530349078075034e+00 5.219658353433324210e-02
1.221500626250944466e+00 -8.400660004949541682e-01
-6.928507255434014356e-01 -1.115759641513009548e+00
2.093240925475195358e+00 4.882862958955181965e-01
-1.942341601717577637e+00 5.383527108227315061e-01
-1.601366168642187393e+00 -8.640162929623108612e-01
-5.941818380702216240e-01 -1.354921054625371601e+00
-4.348521848785132704e+00 -1.688368515599577777e-02
4.992687411987609125e-01 9.370267763169914943e-01
2.899643879387144185e+00 1.239165128049791953e+00
-1.830674434400119566e+00 2.077655456128088662e+00
2.099806874384203770e+00 -9.256380034930912215e-01
6.843314443123181823e-01 1.934613421291999202e+00
-4.375656857873601702e+00 -1.739814624594699516e-02
4.301765561487899125e-01 2.230435483823414722e-01
-3.968392515466934861e-02 8.872971246913775589e-01
1.991347835393551646e+00 1.101346256695898917e+00
-1.372649387238767504e+00 5.569830936540555166e-01
2.665116149009738589e+00 -1.715434940751765058e+00
-2.605994673266009531e+00 7.067430240934270413e-01
-1.926064676753550975e+00 4.344425708923586038e-01
-1.029213975278314930e+00 5.697830856618378848e-01
3.187945204677581135e+00 1.205050665683094824e+00
9.065067321893637287e-01 7.273590270298774252e-01
4.531042711973052306e-01 -1.767615068999343730e+00
1.386797923223923812e+00 7.015542093130142653e-01
-3.809767871529523564e+00 -1.193703569057702030e+00
2.941253083723506245e-01 -2.676074152895305591e+00
-8.532642721685798071e-01 2.152486147153999038e-02
-1.390282647526308812e+00 -8.511753969833842914e-01
-5.749621707674361648e-01 -3.875045672235071237e-01
2.420767273992431523e+00 9.249768344450486346e-01
1.842781654463200303e+00 1.307983130951426709e+00
2.599240647078215893e+00 -1.749759837900049242e-01
1.245047560330262648e+00 1.409144412318730222e-01
-1.503566837373190523e+00 2.598184411956649398e-01
1.533038405220117084e-01 1.717851576520565748e+00
-8.479294254197533576e-01 -2.112628292827987586e+00
-4.878045676469749264e-02 2.011517199374212583e-01
9.360092637544588090e-01 -7.039215397048377287e-01
1.257925120864061386e+00 -4.172214682257108787e-01
3.690370403337600802e+00 8.375986337851031027e-02
1.161195780600853933e+00 -3.185190028242488314e+00
-2.117555183087245219e+00 -1.168935658400261479e+00
-3.513218003588787663e+00 1.808664282633014153e+00
7.052557986919822941e-01 -1.158924868722023271e+00
-1.336975771122809187e+00 -9.592143526069034365e-02
-4.632872045641260317e-01 7.256612157838847610e-01
-1.122707503239238624e+00 -1.044766543454900942e+00
2.381775965599471689e+00 1.960860723262213279e-01
7.638156495795201950e-01 -1.301298446067205239e+00
3.908539631681081095e-01 -2.715004751718489984e-01
-2.405579434667142635e+00 -8.942377579514224628e-01
2.067671932173793969e+00 1.513413140254968592e-01
2.011423096361004970e-01 1.324120095468357128e-01
-1.537582414656067931e+00 8.762256673273490781e-01
1.441699476252916279e+00 -2.073440290507951311e-01
-3.118107095695218933e-01 1.376899938967788950e+00
-2.033185518986156293e+00 9.784723469777663052e-01
-4.199961194758223826e-01 3.382529655927569157e-01
-3.373814100790349269e+00 -6.975804164322632062e-01
-5.132503021946607236e-01 -8.540095455593569307e-01
-2.570388671143946979e+00 1.100313219702500955e+00
2.262259219753249173e+00 -3.918520619850012765e-01
1.387062261283276365e+00 -1.877498245453477876e+00
6.380463044781748971e-01 -8.232072855302695613e-01
-1.396696392795250929e+00 2.941520316889573508e-02
-8.996570604577267538e-01 -6.444228784648395880e-01
4.836103542109642661e-01 6.039862666975167604e-01
9.916307440918439298e-01 -7.159821415754709095e-01
1.702487904521152728e+00 -3.604258345152746013e-01
7.588402402684869125e-03 2.816569613808160844e-01
-4.574804810978227998e-01 -2.001349414640641866e-01
2.341290330688712729e+00 -8.842792641534831244e-01
-1.802135287716068790e+00 -1.342245164918989042e+00
-3.801489235558015878e+00 7.625324998129280329e-01
-2.282845508626396125e+00 1.983929288855431405e+00
9.667708852647497464e-01 1.265587373055871989e+00
-1.044668101634208535e+00 -1.348259019832007688e+00
2.204686725796456415e+00 -3.287370976005906109e-01
2.301466558650429484e+00 1.162476397237660830e+00
1.865933151340247953e+00 -7.575464840332306327e-02
-3.830801962935608818e-01 -1.781281717835749623e+00
-1.398961570903172191e+00 -5.929049545829125911e-01
-2.816737550286971519e-03 -7.085017542561493353e-02
-1.873043419368174423e+00 2.028204469454860881e+00
-1.334023659694863806e+00 -1.342795485714888049e+00
1.685571349444825673e+00 -3.718976675871319415e-01
3.440767088868429191e+00 -3.656784788491775906e-01
1.131887504948776213e+00 3.827831838055911762e-02
-2.027692240402469148e-01 1.421551941039636557e-01
1.442762218851207479e+00 -3.994764205971947368e-01
4.997633713144737366e-01 7.047419439502655703e-01
3.523647310985015491e+00 -2.278560541313227050e-01
-5.604133689134829788e-02 -1.258603364095670862e+00
-1.145509447377764722e+00 -1.263736434817602783e+00
-8.742394607886455615e-01 5.248802403027389429e-01
3.983102116281636573e-01 1.179797241480808889e+00
1.097579334377582372e+00 2.425565182907486239e+00
1.436998087056445383e+00 -1.033299788081223802e+00
4.806095605006738825e-01 -6.655609517016994880e-01
-2.429925583578787518e-01 1.014279464428304411e+00
-2.791167534994626553e+00 4.783697348839688335e-01
3.916197039302736771e-01 -1.487767675382182464e+00
-6.399767854724627281e-01 1.300690132884448680e+00
-5.603074042152789147e-01 6.552522008623536953e-01
3.394439617915307572e+00 2.370826682545989494e-01
7.702021722041557661e-01 9.497565043845431765e-01
2.232336160512912837e+00 1.439648416147288223e+00
-4.354482870783818460e-01 -3.895665262584284694e-01
-3.086457014564390477e-01 3.480421188790336906e-01
-3.075224622612311443e+00 -2.871327814157320635e-01
-2.271060626683854000e+00 -5.398123707416035977e-02
1.404472536190370269e+00 -1.767096000372344378e+00
1.762192938752666249e+00 5.515380269702448990e-01
1.441334181385544033e+00 8.386185132380379326e-01
1.516889849811283927e-02 -1.081364288095412629e+00
-1.237093425703301941e+00 -1.304850524888662600e+00
2.639882405733350978e+00 5.845397301301465953e-01
-1.811663192344129536e+00 -7.235995973491894384e-01
-1.673714079478539229e+00 -5.937195315741487789e-02
6.687494433679954664e-01 -6.801984930641695459e-02
-5.974548577639711144e-01 -1.180887640857091053e-01
-1.164212350425924969e+00 -5.170555543041539526e-01
-2.728660929953345082e+00 -4.982970064828989298e-01
5.280119240784406642e-01 -2.019402550995934575e-01
1.077341007421556807e+00 2.091630393770508967e+00
-9.403015341635840851e-01 7.978915750638582161e-01
1.948327205319589472e+00 -2.940541145834982828e-01
1.426218092221691602e+00 5.348046877226715345e-01
1.195853554902670091e+00 5.411803475983778533e-01
-1.869427106593291255e+00 1.392255142268722899e-02
-2.421976556270858172e+00 8.991363776710832312e-01
2.949701713188287222e+00 2.302248346298811088e-01
1.243180159823019659e+00 -1.973375825546405560e+00
-4.255074384398270793e-01 -3.160713976425831295e-01
-1.241967663421184032e+00 3.379383389023107864e-01
1.375371620937418715e+00 -4.129021242856034668e-01
-2.340038934887395339e+00 5.834073045003727032e-01
-1.552649280168773682e+00 1.678388045793673955e+00
5.430708226521370197e-01 -2.111191793263135441e+00
-8.837338802473767574e-01 4.014185172266395152e-01
4.178906407618689922e-01 -6.060869982976626602e-01
-7.583229460585801940e-01 -9.956976536470006633e-02
1.197473309951114340e+00 3.494072453901474196e-02
1.229228813415323751e+00 -1.518334990542552498e+00
-5.962153821415133725e-01 1.111828406666774516e+00
7.724912598033044364e-02 5.156933840039497063e-01
-3.068922802577720432e+00 -7.615057037092647363e-01
-9.987863305371437461e-02 3.864227302926923069e-01
3.246380035076191772e-01 -1.023170881701180424e+00
-9.375099221551599360e-01 -3.938640922755855533e-01
-2.153397741288680667e+00 1.927590528436822215e+00
-4.248490532683948939e-01 3.525165002616318377e-01
-2.866071627107672493e-01 1.464968642829836132e-01
1.539936659610479097e+00 6.664669943887294723e-01
-5.199866479538818309e-01 -1.677128577457824177e+00
-1.505435061275644415e+00 2.313967521585987286e-01
7.362904758830910446e-01 -2.837562407123474517e-01
1.080974818582216113e+00 -5.090923842857593140e-01
-1.865859753277611111e+00 -4.719310545312155325e-01
1.430723018737371621e+00 -8.495564928979194574e-01
3.789369782611313742e+00 -9.530360457071642699e-01
3.751940930330334711e-01 5.807516359524812488e-01
-2.867947170423064573e+00 6.737920748389283343e-01
-1.487604627222271381e+00 1.134425878985453107e+00
1.641196485923948734e+00 -6.088326947000594069e-01
-4.307109209528912630e-01 -5.943185032777204002e-01
3.336620210275608400e+00 -1.031088945075445462e+00
6.841800909823740895e-01 1.648278904991461902e+00
-1.952325463393281280e-01 1.963498096102908319e-01
4.895930621737183408e+00 -2.172619852898304560e-01
3.758568727311643876e-02 -2.781404221859557491e-01
2.083851573231054299e+00 3.668577917237932362e-01
3.121962915312177067e+00 -1.685605192941853847e+00
-1.555684788186288303e+00 6.087733004763940664e-02
1.176368386009894351e+00 1.069422477979595110e+00
-8.205490315432054649e-01 -1.140760086439340126e+00
8.225383219593843664e-01 1.456132266765079120e+00
-2.418294556255722760e+00 -2.181997925367840541e+00
-1.865507147494471329e+00 -8.322295820196322635e-01
1.692316157699042867e+00 -2.378839490855600702e-01
-5.120183557660800133e-01 -1.037466181451220493e+00
4.333896498641231609e+00 -8.923456098358736321e-01
2.887486549075836129e-01 -8.124090356196349560e-01
-2.204291703817806258e+00 -9.561215273328038666e-02
2.293945903293674426e+00 -4.809575091021503490e-01
2.062906269812458254e-02 -6.800893282152948860e-01
-4.922210122356870166e+00 -7.338363674872488973e-01
4.890545852027127438e+00 -7.643902857746075197e-02
7.309678414213777869e-03 7.761500345382837951e-01
-2.834518601536651694e+00 -6.871886760133568695e-01
-8.282504863381379145e-01 -1.103607687853909392e+00
2.297034514585154952e+00 2.885000184498819897e-01
-3.855567879563771783e+00 -5.849719445092332881e-01
-3.174130819240584156e+00 -7.647418453351533252e-01
2.459645317469827841e+00 -1.210095222698445605e+00
4.029129778772003512e+00 -1.247382257809338313e+00
7.613573627887409989e-01 1.047734012369187839e+00
4.570586461844223791e+00 -4.475651284864962665e-01
-6.820180167115200143e-02 1.046816289175193232e-02
7.583917005788886057e-01 1.603093890204384309e+00
1.913562359841762817e+00 1.227430684873261013e+00
2.623448411339410757e+00 1.053919523037178063e+00
8.005050932062207636e-01 -8.991003690233615939e-03
-2.122569053615638968e+00 -8.553700843351049743e-01
-1.660808624059354033e+00 1.026262709666008188e+00
-3.222179278286462778e-01 1.383007741778064625e+00
-1.439812785361892278e+00 -1.394235169589277401e+00
-4.769239521172227159e-01 -8.524198921030385900e-01
-1.476470396690112707e+00 1.211958015896556828e+00
-1.091761213621335741e-01 8.134321395753281170e-01
1.791888367761783618e+00 -6.171429203819032150e-01
4.841503036975713936e-02 -2.743101948913178045e-01
-2.666780136473439367e+00 -3.126793893890137399e-01
1.887402119880134066e+00 -1.229278357152808976e+00
-1.502955208121220076e+00 6.589354110522487040e-02
2.071497503807766094e+00 7.841090563403931846e-01
3.377207424308881656e+00 1.683245410086852134e-01
1.572882696992477847e+00 -1.417212917520155546e+00
3.329622393443849582e+00 -2.571455563054433124e+00
4.310099513150187356e+00 6.630409938262597780e-02
3.317495191226969564e-01 -1.475078003133184046e+00
4.648219247569370105e-01 2.266718864908309067e-02
2.963593806511870543e+00 -2.509498072447764461e-01
-1.957851736289649924e+00 8.422848801540596675e-01
-6.076968086029284066e-01 1.261878228514548006e+00
3.617135512022372490e-01 -1.600087583764989163e-01
3.938783064705317360e-02 8.247258748584759269e-01
-1.953867245788800666e+00 2.046303545708862082e+00
-7.942138395436995069e-01 -5.159853832111360727e-01
5.134349101099061841e+00 -8.590990184095081972e-01
2.241442537121808076e+00 2.472450399383137321e-01
9.948068537770839992e-01 -2.952712827731382786e-02
-4.019237666658913022e-01 1.449697646779320781e+00
2.839398770115228565e+00 -3.021613744113459399e-01
-9.404869482774983469e-01 2.134031044876402994e-01
6.088085864608584752e-02 -4.005976236151137515e-01
-1.064292087958587762e+00 -1.399548930190646745e+00
2.296385675026727746e+00 8.448854042094723626e-02
3.402417625187466488e+00 -5.619965538403284278e-01
1.691359816023730644e+00 9.252374220513119862e-01
-2.295107957187874081e+00 -2.822884636259908597e-01
-5.108442758501801073e-01 2.656944967722791873e-01
-1.116398050838506739e+00 -5.973375306643566862e-01
4.566296894028477382e+00 -1.533507986887835850e+00
-2.936665288247851668e-01 -1.584716923538564970e+00
1.658303813597894250e+00 3.200032438786789002e-01
-1.788962134184078012e+00 1.098856290619731474e-01
-9.188012494555252152e-01 1.283128284101396455e+00
1.164135084017462241e+00 -1.819960548447020487e+00
1.635887389566430095e+00 -2.681718018433810968e+00
1.336376694237726870e+00 -8.097542215136196986e-02
2.182233738787384691e+00 -1.292409896235390487e+00
-2.245963877756630644e+00 1.729419096974462944e+00
2.527142309574975099e-01 5.878145991267198500e-01
7.393842846723318596e-01 -8.958997610786628707e-01
2.425536616016007674e+00 3.773869009062179591e-01
-1.056466161640513685e-01 -8.332103263921687430e-01
9.480443153609811047e-01 1.205022425918931717e+00
7.548630440491171933e-01 5.079007573118549113e-01
1.570153475042475266e+00 -1.126082189865803551e+00
-3.535047250501460181e-01 -6.119657742459322369e-01
2.994605306766383812e+00 5.245566122767436612e-01
-2.405778866964464413e+00 -5.798996968909766458e-01
-1.848688050788529269e+00 -2.122191069822406406e-01
7.189326972183691933e-02 2.796904619631247702e+00
2.135015613326187278e+00 -7.565643521922073012e-01
9.163976429443340121e-01 1.055044053751442057e+00
1.065994173964638358e+00 1.375903924320679150e-01
-1.221618321316801703e+00 -7.048805489525100665e-01
1.521515945701183536e+00 -8.203095439058297744e-01
-1.877476769745451302e+00 -2.179968389599051815e+00
4.669696220077757864e+00 9.044073175596722969e-02
-2.222876851536708998e+00 -1.929575483486310139e+00
-3.169467421115969019e-01 -8.714244435094716801e-01
3.330154789272644217e-02 6.087767592798228877e-01
-1.477968798280059337e+00 -1.793570547251302161e+00
9.234678403081848508e-01 2.153502797788785783e-01
1.189304374225208072e+00 -5.776412152527076183e-01
-3.308282737973412768e+00 4.967191671126548469e-01
-9.065638230878600989e-01 7.997709655811251483e-01
1.390991602939859462e+00 -2.759636400962391378e-01
1.262406868483096689e+00 -1.614253804730528263e-01
-1.626731099071172970e+00 -3.290692861807050784e-01
-7.214289775287284767e-01 -1.304643900533283940e+00
3.194458611388372393e+00 6.807016749152443591e-01
-9.562474973486728702e-01 -4.620175697924627234e-01
-3.431428116716905286e-01 -7.767850201657441334e-01
-1.693818638182665204e+00 2.053541631580701743e-01
3.194658555975216530e+00 8.630475990414319121e-01
1.027232227856986202e-01 -9.213861345238070211e-01
-1.678283814787115746e+00 9.022953081499868189e-01
2.554088259742307798e+00 2.124042608172585778e-01
1.401853326603739847e+00 -8.043857495717118278e-01
1.385751298806219944e+00 1.239677291166153328e+00
3.383491799285784918e+00 -1.317660434067869368e-01
-3.264667770076644882e+00 -2.370839031217538473e+00
-2.864542207069047386e-01 -9.241553335924971302e-01
-7.420632394918266206e-01 1.136656694999809147e+00
-2.026621835892847390e+00 -1.802302823408887811e+00
-2.389214799872318107e+00 -1.234297511599573793e+00
7.135750121562344228e-01 9.246223605281111979e-01
-3.321294813359665365e+00 4.828762980823225193e-01
-1.522887299043675369e-01 -3.912993899972766476e-01
-5.013790478800020933e-01 -1.140951358099167923e+00
2.516466610067279452e-01 2.889386148361395845e-01
-4.813532996911832562e+00 3.143516107767134193e-01
-8.225744354303680256e-03 1.181694016098443045e+00
-2.149775114914473650e-01 -6.143338618238732701e-02
-3.835246189214303603e-01 -2.737394279218809401e-01
2.349917083250006034e+00 1.490336025218341964e+00
-9.291093175486063727e-01 -1.616855027139223022e+00
1.002070652107230342e-01 1.298040388807346401e+00
-1.922331941883334450e+00 6.319147548024686145e-01
4.203658301818800069e+00 9.505892088412933871e-01
1.351363352008453811e+00 9.256309300970211318e-01
-7.671680058818003412e-01 8.236913649665459358e-01
-3.807424175247187681e-01 5.406423635136556882e-01
3.099060231513675046e-01 -1.686407723517896473e+00
3.022479188576603804e+00 1.431640548486511344e+00
-2.360645839718850336e+00 -3.153809036547465805e-01
2.382903304134180722e+00 8.317123419173598764e-01
1.001307571775715388e+00 6.379344848779199273e-01
1.363680250488621626e+00 4.260953037763960949e-01
2.349324093219587795e+00 1.754712622740460581e+00
-2.477903735656013406e+00 -7.363993156486654534e-01
2.105177025861530438e-01 -2.956676602978380308e-01
-1.811479433484654233e+00 6.988252720238671278e-01
9.866393275619391723e-01 -1.902801885310668184e-01
2.575816166032175669e+00 -4.053086995215780808e-02
7.002446134683568135e-02 -4.856177665089208006e-01
1.301636591073072502e+00 1.871478052549235382e+00
-4.088182503269509382e+00 8.088121294290673280e-01
2.389457194608440194e+00 -2.513144032932850824e-01
-3.787563345992274844e+00 -7.547196201326572540e-01
-5.428950068329035927e-01 -2.757140853527891844e-01
1.081965038116035061e+00 3.758537332595066061e-01
-3.292351874525877076e+00 8.032411076769417901e-01
2.446100270041278169e+00 -7.665322329177071126e-01
-1.402047709793068087e-01 9.702145827456778449e-01
1.595549194757196032e+00 -1.398420231199839492e+00
-2.557231811343692485e+00 -1.432358410814098093e+00
2.602886746590122868e+00 1.310966561040971978e+00
-3.493472955132316482e+00 1.573121625794298151e-01
-2.262630432549165516e+00 1.719258072753341027e-01
-1.459661704948186367e+00 1.124777045295181521e+00
1.281668565428221607e+00 -1.673410237642065646e+00
-4.667346929559592628e-01 -1.010737016595152138e+00
-1.098402053460000527e+00 1.225899875790589511e-01
-3.274694121625177257e+00 -5.980204036712384319e-01
3.659480548078907880e+00 -2.887412378555623271e-01
-2.250584267306912523e+00 9.814861094843457812e-01
-1.314940402875043768e+00 -1.081353647795434636e+00
2.305761518436272972e+00 9.408850012252479855e-01
-2.427784431936865328e+00 2.132678210828983900e+00
3.315641174180268824e-01 -6.652992327083998569e-01
-2.331687996611247371e+00 7.735215146788866347e-01
-6.323992476251309114e+00 -3.260638373228049169e-01
-1.283628537476529941e+00 2.296703840679351349e-01
-2.484372197354225709e-01 1.155148496507942601e+00
1.503649598554754885e+00 1.182404355494607984e+00
3.432294996036851925e-02 -1.438094721213586391e+00
-6.850871005909370259e-01 1.691278384358706754e-01
-5.559049474834856230e-01 2.965393263625786813e-01
1.335965547610618698e+00 6.274390589549557751e-01
2.646374940879857585e-01 9.399625579326439939e-02
-1.955344750537676868e+00 -4.799984891330584258e-01
1.548126284510137562e+00 -7.035332768444294560e-01
5.148096216953493842e-01 4.611919258481353423e-02
-3.280486279011942674e+00 -2.113262414030710357e+00
-5.093891427514956938e+00 5.285263470386604157e-01
-6.014024716464284603e-01 1.838481751902216077e+00
-3.772218420700869101e-01 -5.182607176239094615e-01
-1.779871523995394167e+00 -1.428380155673108387e+00
1.047297131546240934e+00 -1.560626179829310400e+00
-6.310128898694901123e-01 -6.403950585449824651e-01
3.829207154850884809e+00 2.174020910859258415e-01
3.519524859360716462e-01 1.157385575587289273e+00
1.511095818632088861e+00 -8.710615982140874625e-01
5.526130795384406325e-01 8.002549993913882220e-01
2.219127956780664046e-01 -1.296248345055953655e-01
-1.659570557871957730e+00 2.119051417960942096e+00
-1.696806003391483797e+00 -6.097297462094252163e-01
2.189752354767072973e+00 7.106297008226521994e-01
4.724265157464967224e+00 -7.074763285191165707e-01
6.239036657557410770e-01 4.670594718530746703e-01
-1.116290499132061242e+00 5.473657747665375828e-01
-6.533545421240238849e-01 -9.294114726481279565e-01
2.685971853387558728e-01 6.749188742211162939e-01
2.611664494855145513e+00 1.280181331320350058e+00
-9.778211981756836091e-02 -1.643720724523256793e+00
-4.932721982269969163e-02 -3.415065202149495160e+00
5.029541018751771730e+00 5.781077233388223074e-02
-1.788118033325016842e+00 2.322441899341880500e+00
5.201341449916110360e-01 -6.433380571192629516e-01
-4.296320845985331927e-01 -1.776803850718928768e+00
-1.624808750956772352e+00 5.650445724954374915e-01
3.160107217551631376e+00 -9.874466948713348513e-01
-9.897060869499444413e-01 1.206355101684026820e+00
8.065030396867315376e-01 -9.318853038244202525e-01
1.532759092030415049e+00 2.334333711879755135e+00
-1.153971727971169647e+00 9.569850481132998743e-01
2.738314735234403496e+00 4.675217939173882953e-01
2.160658811346277464e+00 -7.494096134311690749e-01
4.570837020605352130e+00 4.755267496513647107e-01
2.325271060830275349e+00 2.887599662589215299e-01
-4.626829828599138272e-01 -6.890985321663876118e-01
-2.162817890260355647e+00 -1.278468689810429160e+00
-1.249330617205665961e+00 1.849249480414171254e+00
-9.348607462285123404e-01 -3.090185414698288779e-01
1.304807604625013218e+00 2.182515645038206331e-02
-5.935674483978949922e-01 -5.471903389279925145e-01
7.071618506416407213e-01 1.434337688657891241e-01
-9.723562164091378301e-01 1.206817165074891285e-01
-3.187712721580014730e+00 -7.330623671748818238e-01
-1.328309204892677453e+00 2.292678455020028316e+00
1.482622046185703146e+00 -1.639823572141975827e+00
-1.640357429155581803e+00 1.148489543349675346e+00
-1.643442008893315071e-02 8.826502808284441004e-01
1.961381464329176261e+00 -5.455730993173176779e-01
6.736467381838697754e-01 7.417914383396763123e-01
-2.179562861782641914e+00 -3.989916127648209243e-01
8.021465904777924649e-01 3.981923410463130142e-01
-1.815621563870690736e+00 1.747961693026561791e-01
2.753664376224587151e+00 -2.567921188785703412e-01
3.296895164330157613e+00 1.116775682451910168e+00
-6.262422472088592373e-01 -1.737497531361558822e+00
-8.196456648637764353e-01 1.280089093441354187e-01
1.773483662445096476e+00 1.958302390812083793e+00
8.108227165838638451e-01 1.531471796957992293e+00
1.503215365403841874e-01 -1.291126393596098376e+00
-1.565177849734201931e+00 -4.268121598661645533e-01
-3.498822464408983368e+00 -6.704061116500740214e-01
-3.335108343656909557e+00 -1.198307374700366412e-01
2.657007027528340615e+00 -1.029454239757464418e+00
-5.429224016139492237e-01 1.490469814819493477e+00
1.187872529540918043e+00 -1.524145967311862915e-01
-2.421393010230581844e+00 -3.359899522561431984e-01
-8.094136084783873364e-02 -6.822782255637248605e-01
-1.935290045388329938e+00 8.652890790616739602e-01
2.156252232441528527e+00 3.318489784121254199e-02
-2.058200405695893576e+00 -5.291108380960997115e-01
-6.280067857531513864e-01 -2.580947723586408116e-01
3.102301856786310985e+00 -1.087443921092750898e+00
5.807488201380207604e-01 7.104238733570708009e-01
7.707563569165418182e-02 9.699467259294657362e-01
-2.261421495732910625e+00 9.947708860323950519e-01
7.507540393889300390e-01 -2.121258429371976728e+00
-4.444540635613519086e+00 5.941741820886143888e-01
-2.556632182081847837e+00 2.739281515145225998e-01
-1.061611790257500632e+00 9.543867159329729732e-01
4.220266510890620104e+00 5.300089586242640038e-01
-4.297314093886217989e+00 1.034265509114291604e+00
-4.244058347201979942e+00 9.353986445524882232e-01
1.563787053199971355e+00 -4.479739506624789702e-01
6.768041559535982188e-01 1.140097817963069193e+00
3.438148180351675159e-02 -1.732985776771200248e+00
1.351297973461830670e+00 1.224374001183847760e+00
2.344216311563944721e+00 2.629947091392187963e-01
-5.713324991538385467e-01 -4.236669778697487732e-01
3.277748423804939804e-01 3.423836135145530424e-01
1.450992826768327193e+00 7.860428734187111521e-01
-2.658076501668647840e+00 -1.092891964189572462e+00
-6.670291682237293740e-01 -4.875014239662241455e-01
3.622850146685057116e+00 -3.115396403377890255e-01
-4.533221054900160585e-01 1.402011267876363876e+00
-2.698945282149567415e+00 -3.584362007688436935e-01
-1.699202145771311567e+00 -7.095677971635170334e-01
-2.886180948970729632e-01 5.405561849507731775e-01
-9.403555022033291411e-02 -5.135085357185238397e-01
1.635733170548315796e-01 -1.951042088617329917e-01
2.407866931435671543e-01 1.240709920399592381e+00
-3.077845203036482236e+00 -4.002081482473413693e-02
-3.337265781735132109e+00 -2.723226048061626048e-01
1.558535563257254841e+00 9.947958448196270176e-01
4.544391737651224394e-01 1.199053567838459289e+00
7.406356090569136130e-01 3.488708282268798699e-02
-1.358677454343341751e+00 4.786375892123801573e-02
4.038655008178397843e+00 -1.321338330500188840e-01
-1.847885194467279613e+00 -2.167440663609869755e-01
2.516814720680328854e+00 1.816246744247588529e-01
-3.344276325092611746e+00 1.632422852112014600e-01
-2.662807632193093035e-02 -5.311815753364637072e-01
-2.105078869547185594e-01 -3.293408926867326114e-01
-1.451924049452806509e+00 4.290418300575634530e-02
1.110920949544690561e+00 3.151367079147714967e-01
-3.503450553515148780e+00 3.194354894495172736e-01
1.069465988527206868e+00 1.371336107425998652e+00
1.008699150832044755e-01 -3.212762512085807765e-01
-2.950874495930390640e-01 -6.717733512684821440e-01
-1.026320399994793187e+00 4.876684146907218631e-01
-6.667959951459233592e-01 -5.001152311763890079e-01
4.186525749308114830e-01 1.340743201601264090e-01
1.813470416179590705e+00 6.605453485392657198e-01
6.886030590275214747e-02 1.741634156894205088e+00
1.346270207169358635e+00 9.951664548692991108e-01
2.726954143637394967e+00 1.403979336500319919e+00
4.873715982234855248e-01 2.263257116528096802e-01
1.900307510805375077e+00 -1.813734021679469510e-01
9.982403605944424330e-01 1.796389282423388814e-02
1.901487298380344360e+00 -5.851241294680739058e-01
1.783211742744751360e+00 -1.151650606868822146e+00
-2.682311557005314651e+00 -1.147930972201124389e+00
-4.575698650390779498e+00 1.265413211722322240e+00
1.662024823408681407e+00 -9.388779825591740957e-01
-1.935820137188670076e+00 5.362253216653304344e-01
6.214097270699638909e-01 -2.670507751388198625e-01
4.902855063709226968e+00 -3.953753524468540670e-01
-5.418562718220956143e-01 2.143333651010872754e-01
2.084631978693201049e+00 -1.651290679112940030e-01
-7.469446154143357663e-01 -7.920048106158890378e-02
-8.859880554916603757e-01 3.561202196507757267e-01
5.246720050566321403e-01 1.781344334675961649e-01
2.291308492925044682e+00 -1.138785096350878545e+00
-4.178452655624040446e+00 5.194172740223962359e-01
-2.442704089983946947e+00 -1.370239855140761853e-01
-1.343562131830071671e+00 -2.359572795456408578e-01
1.369430538533044306e+00 -2.244456204295577351e-01
5.362948134530802768e-01 -5.823670915174689044e-01
2.578713108268561260e+00 1.882312548171230504e-01
-4.444950369732289519e-02 8.140278789979374929e-01
1.190416658869416056e+00 7.451489056215762075e-01
-1.297267726569843349e+00 1.493411350172406893e+00
2.815774253688909212e+00 -3.607207683352146033e-01
-1.387518338373066706e+00 9.549075163884901407e-01
2.448937330362801923e+00 -1.439684256576130972e+00
-3.013734724899769457e+00 -6.182288247589153851e-01
-4.297045746358729268e+00 -1.854978429192842393e+00
1.245431866638282203e+00 1.266988743926910521e+00
3.471021265095690644e-01 9.297571897381715633e-01
1.697014833655169141e+00 -1.721601817155897995e+00
4.787122796229388300e-01 -5.855898319857085754e-01
1.055018013282439160e+00 -1.627783626677660855e+00
-2.981949124378568516e+00 2.363927444056164728e-01
-3.458777254983644411e+00 1.023260482223503909e-01
2.831824235173501680e+00 -1.192282872492356760e-01
5.155592576822749962e+00 1.875205276079479066e-01
1.040740655123830960e+00 -1.080604233756160326e+00
2.289324154201061390e+00 -3.486680583768460573e-01
4.038846791043123829e+00 -7.449986511978774484e-01
-1.608287004426132150e+00 1.155422606567944266e+00
1.574886348881969100e+00 -3.821066816919510001e-01
1.552518516634067813e+00 2.366783250298179819e+00
7.773911009038162456e-01 -1.219103948046779129e+00
-2.303908638445902657e+00 1.820940894194532422e+00
1.574334494702049447e+00 -3.312509289111858490e-01
4.428179274105889518e-01 -5.761669988075330817e-01
1.813455528004786155e+00 -9.243187094595893827e-01
-3.298234517170938740e-01 -5.149996152078472056e-01
-1.689374496387393343e+00 -1.112141416970849672e+00
-1.561243140870682611e+00 1.740976236375536279e-01
8.016958291928059088e-01 1.628265147517158118e+00
2.612869828033993064e-02 2.442256404747662923e+00
1.514616340287138485e-01 -1.257498953309791334e+00
-1.822077882342468147e+00 1.793069779347288062e+00
2.017915743846199206e+00 1.933058256080626647e+00
2.192131648647297482e-01 -1.315499765778959329e+00
5.047455172972366011e-01 4.448002711967399825e-01
1.435492574734422710e+00 7.441371417784816700e-01
-2.027368854650246188e+00 -1.371256536703051809e+00
7.041034080555511609e-01 -4.831663075366364746e-01
1.744188710185704982e+00 -1.240100160756023362e+00
3.056191400494643329e+00 -2.851926491507596584e+00
-5.740595003565660548e-01 6.643736431536868547e-01
-9.300672907770095588e-01 -1.272187631109687467e-01
-8.579494396919907784e-01 1.401793126814769863e+00
-3.225016531168370282e+00 -2.871431516699935460e-01
-2.061305379637742852e-01 -3.882070226980964822e-01
1.781873636953326123e+00 -6.505723449174029005e-01
1.269084858847055353e+00 1.238148160134190601e+00
-5.707730481974323533e-01 -1.171903022994986721e+00
-1.124978117282861845e-01 1.568431591347137777e-01
1.420595029905031392e+00 1.092017107334188442e+00
-1.030034543431038285e+00 -1.335047431292903264e+00
3.593473187669635194e-02 -1.988051070860133551e+00
5.938290131618970680e-01 -1.892341040812786757e+00
-1.690185634984729679e-01 4.305219644694530667e-01
3.100457486483535252e+00 2.213890375130272981e-01
-1.307449609625905174e+00 1.041548095796769768e+00
6.625922427512909607e+00 -8.225279693749348864e-01
1.422789695540154220e-01 -5.382777088159786949e-01
-1.717301690790825397e+00 6.491923009112964271e-01
-5.408870504275422597e-01 -6.670715384264718217e-01
8.436006604588025537e-01 -1.083347596759387299e+00
-1.915971199086642374e-01 -1.180194078966421367e+00
-2.184345914135374489e+00 -1.018365263398054665e+00
-1.116099678232237880e+00 6.216417834483352056e-01
2.572725791205492385e+00 1.547688556837892859e+00
-6.882787481061456436e-01 1.090972737377787549e+00
4.911423780257921479e+00 -1.242309040271270204e+00
-2.832940795900500408e+00 2.082692739720596098e+00
-1.323822620508026571e+00 -9.036948005244908044e-01
4.402943827752176520e-01 -1.965970682307879025e-01
1.966096756068833606e-01 5.109859603549175011e-01
-3.052669548808836231e-01 -1.525254360386837371e+00
-1.095711528267286627e-01 2.687563156005638443e-01
-1.949595655351035850e+00 -8.387319349697448523e-01
1.753932590723294993e+00 1.233111990319702533e+00
-1.617610560657901875e+00 -1.177905349916750666e+00
-6.625157067980768089e-01 1.095651574182605059e-01
-4.620483080382772334e-01 -5.627807992143536442e-01
-1.798431988691437944e+00 -2.034489393395040313e-01
8.758932186912459228e-01 -4.840681819994629431e-01
-1.267146826871833054e-01 -8.757879344792005583e-01
-2.704904884518015140e-01 -1.036155243478175808e-01
2.432721501097728112e+00 1.310890134472097179e-01
-2.357816594548753919e+00 1.140422808941919941e+00
1.060641623350478291e+00 2.439868820656838078e-01
3.109805631791360714e+00 -5.189812067777039434e-02
-2.809956043435024142e+00 -9.669791737246570540e-02
-4.028650367537466082e+00 8.000891873044668756e-01
4.449109572406924507e+00 -7.284547500748429494e-01
2.432544783438323588e+00 -9.708586822184954723e-01
-1.395726648684270099e+00 -1.145376364352031828e+00
-3.084896350410517574e-01 -8.697624646709765095e-01
-1.893284518195151644e+00 1.196679200590804903e+00
-5.949749953566136007e+00 8.530595807753862392e-01
1.602948900019699696e+00 -1.885818972038294516e+00
-3.648185310079576915e-01 7.950509275334960435e-01
-3.921608206705037958e+00 3.883551451608941996e-01
-1.157962886234611632e+00 -3.205323208678381164e-01
-1.176891264105335067e+00 4.222120409443885780e-01
-8.945378833370912774e-01 -2.223192040347190812e-01
-3.170495872254027736e-01 -2.056703596595190961e-02
4.659261767575770818e+00 9.175326396365047765e-01
-4.014102508120073409e+00 2.366976200176627021e-01
-2.522767790450950010e+00 -1.356204396587904482e+00
-6.574216139237281098e-01 3.546286131751741899e-01
-7.775765088883240805e-01 1.218326333625656455e+00
-1.503958045155392442e+00 -2.261231485620388337e+00
2.021139277371532206e+00 8.341332184633195590e-01
5.653430061631063985e-01 2.571887136856025602e-02
6.528466746295386036e-01 1.357923042122805568e-01
5.489014101516334065e-01 2.655298088059637074e+00
-1.910035636316898655e+00 -2.266364974166291013e+00
-1.806857361950671370e+00 -5.631313722711235314e-01
-2.838313056143088264e+00 5.722811264097977801e-01
-8.991363891504167150e-01 3.421774317823153000e-01
-3.464310478948914307e-01 7.170871954254040004e-01
-6.306069005369513425e-01 2.379589426776799410e+00
-2.507520533927694473e+00 5.097026210556546699e-01
-1.926906876883192288e+00 -2.218826510603749913e+00
-9.020230718702370032e-01 -1.718774275916844285e+00
-1.946361437526064275e+00 -6.035004632722670848e-02
-7.826551738663775071e-01 -6.915027016981762920e-01
-8.542004200251693824e-01 1.621125490750253473e+00
5.687358170879689423e-01 -4.264280959823657513e-01
2.468960554199983282e+00 3.915376210626289599e-01
1.053381684128054996e+00 6.231682306199956001e-01
2.378800594215536357e+00 2.498948484812849369e+00
-1.630138953868768281e+00 -3.119514859885702540e-01
1.756226757174480735e+00 -1.235347462185145545e-01
6.582882823346150047e-01 2.059788636682176877e-01
-3.144911799003390351e-01 -6.320964286037737967e-01
-1.027510952734498328e+00 -1.177937433272662426e+00
-5.055521220080944067e-01 -2.149456513019360471e-01
3.839987775574460915e+00 -1.405466655771628881e-01
-2.036846025385132375e+00 1.673603733557593509e+00
-2.263499939384454596e+00 -2.637223915097521854e-01
-6.823767623797372117e-01 -2.592542622221539084e+00
1.193541486357698744e+00 -1.365389497524901463e+00
2.362403422001360997e+00 -6.148969059719737729e-01
-2.903538073639415185e+00 9.530447468403359101e-01
2.056533680939852893e+00 1.556710646928912735e-02
-3.858417666063074236e+00 5.272405164324484028e-01
3.015959159141476054e+00 -9.715671109506317515e-01
-2.814896458503287846e+00 2.327946856737743986e-01
3.370293707390617399e+00 -5.959882285114290745e-01
1.896915515961622001e+00 5.111005246992602613e-01
-8.926512552260088551e-01 1.272566329031097787e+00
1.963677753589683661e+00 1.238653638314730854e+00
2.412375712177947384e-01 6.207330477998368456e-01
-1.985290521156483079e-01 -6.485322668966506110e-02
8.181758108929999551e-01 1.233069808484541507e+00
3.765160937821104281e-01 3.950193052174686727e-03
2.451989936712038798e+00 9.951195978864362246e-01
2.176748128605541677e+00 -6.021199889947318473e-01
2.358923014545145413e+00 5.472722242114842484e-01
-4.069345889083104240e+00 2.531494094633073288e-01
-2.922378927654258884e-01 -1.346098932476250898e+00
-4.700352950718944101e+00 -1.044274661287302175e+00
-2.283288325481363845e+00 -5.690533553955974266e-01
9.708611469521395421e-01 1.732753766494044834e-01
-5.505893428986997629e-01 1.804893734374201308e+00
3.885940790162010217e+00 5.872766468661583250e-01
2.555833042620695217e+00 -7.732628598765527439e-01
-1.323911137041270614e+00 -9.760260259873406730e-01
4.592097628568232892e+00 -7.539065141816615467e-01
-8.368689297188434129e-01 -1.054586143777779039e+00
1.884639882993873972e+00 4.126936439304099702e-01
3.201353334383576499e-01 -8.508547865796199927e-01
-6.292453453933411822e+00 9.374163128068097040e-01
-6.397460394165773723e-01 -6.715572804301181975e-01
2.700730549071808095e+00 -1.432405755339938580e-01
-1.424076837786089622e-01 1.863571101120569951e-01
1.023264712190424461e-02 1.326533920191585558e+00
-2.667439405349755877e+00 -2.708596233140274645e-01
8.515864836121465054e-01 -4.397046908165941348e-01
-2.244714611987211894e-01 -1.002389234009162688e+00
-6.130615275420947974e+00 1.738485584029478170e+00
-1.007023106565927861e+00 9.664487401616881496e-03
2.581761858656097530e+00 9.268426747842495317e-01
2.632294243838712688e+00 -1.006554708650914787e+00
-5.864473277737696222e+00 -9.962403855339031500e-01
3.900186102179187042e+00 -4.433037132329713942e-03
-1.940681640658832086e+00 7.740062362296042942e-01
1.357684489128530236e+00 9.121409800555426717e-01
-1.109852685753373480e+00 -1.818190811706221544e+00
-3.253607510113038614e+00 4.902194000213828118e-01
3.877846380333264786e+00 -4.763535145673765125e-01
-1.912231165518253340e+00 7.132115395624620824e-01
6.343606304586663081e-03 -3.837132583669712882e-01
-1.531021734671281775e+00 5.725337080891775704e-02
4.028439554699695530e-02 1.200275835625658760e-01
-1.557548223895229178e+00 -1.538930356620072937e-01
2.605157486020659441e+00 -1.253499297605498164e+00
-3.881382687575962720e-01 8.686067547551542534e-01
-8.136364851556260325e-01 4.687127992431698587e-02
6.899337479250884364e-01 -9.795441439559589014e-01
-3.332860553943904680e+00 5.942585594899963963e-01
1.562115128693859933e+00 -1.121674296455377418e+00
-7.745465886471950001e-02 8.634905975399707057e-01
8.886765625099671828e-01 -1.419612140061664363e+00
2.738110026536849873e+00 -1.067274085314625420e+00
-3.322655069061453137e+00 -1.333523069880799605e+00
-1.976867673250464863e+00 1.399430665896409076e+00
-2.613850138117888022e+00 9.915756158280909505e-01
1.632163906106091966e+00 -6.187988682444273136e-01
-1.230892540103591726e+00 5.769909551827185901e-01
